199210 	 -62688 	 0 	 0 	 0 	 2 	 46
199212 	 -62690 	 0 	 0 	 0 	 -1 	 66
199216 	 -62690 	 0 	 0 	 0 	 -1 	 53
199217 	 -62690 	 0 	 0 	 0 	 0 	 59
199218 	 -62688 	 0 	 0 	 0 	 2 	 53
199219 	 -62688 	 0 	 0 	 0 	 8 	 39
199220 	 -62690 	 0 	 0 	 0 	 8 	 39
199221 	 -62690 	 0 	 0 	 0 	 0 	 53
199222 	 -62688 	 0 	 0 	 0 	 0 	 59
199223 	 -62688 	 0 	 0 	 0 	 0 	 73
199224 	 -62689 	 0 	 0 	 0 	 0 	 66
199226 	 -62691 	 0 	 0 	 0 	 0 	 79
199226 	 -62691 	 0 	 0 	 0 	 0 	 79
199227 	 -62693 	 0 	 0 	 0 	 -7 	 99
199228 	 -62693 	 0 	 0 	 0 	 -10 	 93
199230 	 -62693 	 0 	 0 	 0 	 -4 	 106
199231 	 -62693 	 0 	 0 	 0 	 -1 	 99
199232 	 -62691 	 0 	 0 	 0 	 0 	 86
199233 	 -62690 	 0 	 0 	 0 	 2 	 66
199234 	 -62690 	 0 	 0 	 0 	 5 	 66
199235 	 -62689 	 0 	 0 	 0 	 5 	 66
199237 	 -62690 	 0 	 0 	 0 	 2 	 66
199237 	 -62690 	 0 	 0 	 0 	 2 	 66
199238 	 -62690 	 0 	 0 	 0 	 0 	 73
199240 	 -62689 	 0 	 0 	 0 	 0 	 79
199241 	 -62690 	 0 	 0 	 0 	 2 	 86
199242 	 -62690 	 0 	 0 	 0 	 0 	 86
199243 	 -62690 	 0 	 0 	 0 	 0 	 79
199244 	 -62690 	 0 	 0 	 0 	 -1 	 73
199245 	 -62690 	 0 	 0 	 0 	 -1 	 59
199246 	 -62689 	 0 	 0 	 0 	 0 	 59
199248 	 -62688 	 0 	 0 	 0 	 5 	 59
199249 	 -62689 	 0 	 0 	 0 	 5 	 66
199250 	 -62689 	 0 	 0 	 0 	 2 	 66
199251 	 -62690 	 0 	 0 	 0 	 0 	 66
199252 	 -62690 	 0 	 0 	 0 	 -4 	 93
199253 	 -62690 	 0 	 0 	 0 	 -4 	 93
199254 	 -62690 	 0 	 0 	 0 	 -1 	 86
199256 	 -62688 	 0 	 0 	 0 	 2 	 59
199256 	 -62688 	 0 	 0 	 0 	 2 	 59
199257 	 -62688 	 0 	 0 	 0 	 5 	 59
199258 	 -62689 	 0 	 0 	 0 	 5 	 53
199260 	 -62689 	 0 	 0 	 0 	 0 	 73
199261 	 -62688 	 0 	 0 	 0 	 -1 	 73
199262 	 -62688 	 0 	 0 	 0 	 0 	 59
199263 	 -62688 	 0 	 0 	 0 	 2 	 46
199264 	 -62685 	 0 	 0 	 0 	 2 	 26
199265 	 -62685 	 0 	 0 	 0 	 9 	 33
199266 	 -62687 	 0 	 0 	 0 	 6 	 39
199268 	 -62688 	 0 	 0 	 0 	 0 	 59
199269 	 -62688 	 0 	 0 	 0 	 -5 	 59
199270 	 -62688 	 0 	 0 	 0 	 -5 	 46
199272 	 -62691 	 0 	 0 	 0 	 -7 	 79
199276 	 -62691 	 0 	 0 	 0 	 -1 	 86
199277 	 -62691 	 0 	 0 	 0 	 0 	 86
199278 	 -62694 	 0 	 0 	 0 	 2 	 93
199279 	 -62694 	 0 	 0 	 0 	 -1 	 93
199280 	 -62694 	 0 	 0 	 0 	 -1 	 86
199281 	 -62695 	 0 	 0 	 0 	 -4 	 99
199282 	 -62695 	 0 	 0 	 0 	 -7 	 99
199283 	 -62693 	 0 	 0 	 0 	 -1 	 93
199284 	 -62690 	 0 	 0 	 0 	 2 	 66
199286 	 -62690 	 0 	 0 	 0 	 11 	 59
199287 	 -62688 	 0 	 0 	 0 	 11 	 66
199288 	 -62688 	 0 	 0 	 0 	 11 	 66
199289 	 -62688 	 0 	 0 	 0 	 5 	 73
199290 	 -62690 	 0 	 0 	 0 	 5 	 79
199291 	 -62690 	 0 	 0 	 0 	 0 	 73
199293 	 -62690 	 0 	 0 	 0 	 -4 	 73
199294 	 -62690 	 0 	 0 	 0 	 -4 	 79
199295 	 -62689 	 0 	 0 	 0 	 0 	 79
199296 	 -62689 	 0 	 0 	 0 	 2 	 86
199297 	 -62687 	 0 	 0 	 0 	 2 	 59
199298 	 -62687 	 0 	 0 	 0 	 8 	 46
199299 	 -62687 	 0 	 0 	 0 	 8 	 53
199300 	 -62688 	 0 	 0 	 0 	 5 	 53
199301 	 -62690 	 0 	 0 	 0 	 2 	 73
199302 	 -62690 	 0 	 0 	 0 	 -7 	 66
199304 	 -62690 	 0 	 0 	 0 	 -7 	 59
199305 	 -62691 	 0 	 0 	 0 	 -4 	 66
199306 	 -62693 	 0 	 0 	 0 	 -1 	 93
199307 	 -62693 	 0 	 0 	 0 	 -4 	 93
199308 	 -62689 	 0 	 0 	 0 	 -4 	 66
199309 	 -62689 	 0 	 0 	 0 	 2 	 66
199311 	 -62689 	 0 	 0 	 0 	 8 	 86
199312 	 -62689 	 0 	 0 	 0 	 8 	 86
199313 	 -62689 	 0 	 0 	 0 	 0 	 73
199314 	 -62689 	 0 	 0 	 0 	 0 	 66
199315 	 -62688 	 0 	 0 	 0 	 0 	 66
199316 	 -62688 	 0 	 0 	 0 	 2 	 59
199318 	 -62688 	 0 	 0 	 0 	 2 	 59
199318 	 -62688 	 0 	 0 	 0 	 2 	 59
199319 	 -62690 	 0 	 0 	 0 	 2 	 79
199320 	 -62690 	 0 	 0 	 0 	 -4 	 79
199322 	 -62690 	 0 	 0 	 0 	 -4 	 86
199323 	 -62689 	 0 	 0 	 0 	 -4 	 93
199324 	 -62690 	 0 	 0 	 0 	 2 	 99
199325 	 -62689 	 0 	 0 	 0 	 0 	 99
199326 	 -62689 	 0 	 0 	 0 	 2 	 93
199327 	 -62689 	 0 	 0 	 0 	 2 	 79
199328 	 -62689 	 0 	 0 	 0 	 0 	 86
199329 	 -62688 	 0 	 0 	 0 	 2 	 66
199331 	 -62687 	 0 	 0 	 0 	 2 	 46
199332 	 -62687 	 0 	 0 	 0 	 5 	 46
199337 	 -62691 	 0 	 0 	 0 	 -10 	 66
199338 	 -62689 	 0 	 0 	 0 	 -10 	 59
199339 	 -62689 	 0 	 0 	 0 	 0 	 59
199340 	 -62689 	 0 	 0 	 0 	 0 	 86
199341 	 -62690 	 0 	 0 	 0 	 5 	 93
199342 	 -62690 	 0 	 0 	 0 	 2 	 93
199343 	 -62690 	 0 	 0 	 0 	 -1 	 73
199344 	 -62689 	 0 	 0 	 0 	 -1 	 73
199345 	 -62688 	 0 	 0 	 0 	 0 	 73
199346 	 -62688 	 0 	 0 	 0 	 5 	 73
199347 	 -62689 	 0 	 0 	 0 	 5 	 66
199348 	 -62689 	 0 	 0 	 0 	 2 	 66
199349 	 -62688 	 0 	 0 	 0 	 0 	 53
199350 	 -62688 	 0 	 0 	 0 	 0 	 53
199351 	 -62688 	 0 	 0 	 0 	 0 	 73
199352 	 -62690 	 0 	 0 	 0 	 2 	 93
199354 	 -62689 	 0 	 0 	 0 	 -4 	 73
199355 	 -62688 	 0 	 0 	 0 	 -1 	 66
199356 	 -62688 	 0 	 0 	 0 	 0 	 66
199357 	 -62688 	 0 	 0 	 0 	 5 	 73
199358 	 -62689 	 0 	 0 	 0 	 5 	 73
199359 	 -62689 	 0 	 0 	 0 	 0 	 66
199360 	 -62689 	 0 	 0 	 0 	 -1 	 59
199361 	 -62689 	 0 	 0 	 0 	 -1 	 73
199362 	 -62689 	 0 	 0 	 0 	 -1 	 66
199363 	 -62688 	 0 	 0 	 0 	 0 	 66
199364 	 -62687 	 0 	 0 	 0 	 2 	 46
199366 	 -62689 	 0 	 0 	 0 	 2 	 93
199367 	 -62689 	 0 	 0 	 0 	 0 	 93
199368 	 -62689 	 0 	 0 	 0 	 -1 	 59
199369 	 -62689 	 0 	 0 	 0 	 -4 	 66
199370 	 -62690 	 0 	 0 	 0 	 -1 	 86
199371 	 -62691 	 0 	 0 	 0 	 -1 	 93
199372 	 -62693 	 0 	 0 	 0 	 -4 	 93
199373 	 -62694 	 0 	 0 	 0 	 -7 	 106
199375 	 -62691 	 0 	 0 	 0 	 -7 	 99
199375 	 -62691 	 0 	 0 	 0 	 -7 	 99
199376 	 -62691 	 0 	 0 	 0 	 0 	 106
199378 	 -62693 	 0 	 0 	 0 	 2 	 106
199379 	 -62693 	 0 	 0 	 0 	 2 	 106
199380 	 -62691 	 0 	 0 	 0 	 -1 	 99
199381 	 -62690 	 0 	 0 	 0 	 0 	 99
199382 	 -62690 	 0 	 0 	 0 	 5 	 106
199383 	 -62690 	 0 	 0 	 0 	 5 	 93
199384 	 -62691 	 0 	 0 	 0 	 5 	 113
199386 	 -62691 	 0 	 0 	 0 	 -1 	 93
199387 	 -62690 	 0 	 0 	 0 	 -1 	 86
199388 	 -62690 	 0 	 0 	 0 	 0 	 79
199389 	 -62689 	 0 	 0 	 0 	 2 	 73
199390 	 -62688 	 0 	 0 	 0 	 5 	 73
199392 	 -62688 	 0 	 0 	 0 	 5 	 73
199393 	 -62689 	 0 	 0 	 0 	 5 	 86
199396 	 -62689 	 0 	 0 	 0 	 -1 	 86
199398 	 -62693 	 0 	 0 	 0 	 -7 	 106
199398 	 -62693 	 0 	 0 	 0 	 -7 	 106
199399 	 -62693 	 0 	 0 	 0 	 -7 	 99
199400 	 -62691 	 0 	 0 	 0 	 -7 	 93
199402 	 -62693 	 0 	 0 	 0 	 2 	 113
199403 	 -62693 	 0 	 0 	 0 	 0 	 93
199404 	 -62693 	 0 	 0 	 0 	 0 	 86
199405 	 -62693 	 0 	 0 	 0 	 -1 	 86
199406 	 -62691 	 0 	 0 	 0 	 -1 	 79
199407 	 -62691 	 0 	 0 	 0 	 2 	 79
199409 	 -62691 	 0 	 0 	 0 	 2 	 79
199410 	 -62695 	 0 	 0 	 0 	 2 	 119
199411 	 -62696 	 0 	 0 	 0 	 -7 	 119
199412 	 -62695 	 0 	 0 	 0 	 -10 	 106
199413 	 -62694 	 0 	 0 	 0 	 -7 	 106
199414 	 -62694 	 0 	 0 	 0 	 -4 	 106
199415 	 -62693 	 0 	 0 	 0 	 2 	 113
199416 	 -62691 	 0 	 0 	 0 	 8 	 93
199417 	 -62690 	 0 	 0 	 0 	 8 	 86
199418 	 -62691 	 0 	 0 	 0 	 8 	 86
199419 	 -62691 	 0 	 0 	 0 	 5 	 86
199421 	 -62691 	 0 	 0 	 0 	 0 	 93
199422 	 -62691 	 0 	 0 	 0 	 -1 	 86
199423 	 -62691 	 0 	 0 	 0 	 0 	 99
199424 	 -62689 	 0 	 0 	 0 	 0 	 93
199425 	 -62689 	 0 	 0 	 0 	 5 	 86
199426 	 -62690 	 0 	 0 	 0 	 5 	 79
199427 	 -62690 	 0 	 0 	 0 	 2 	 66
199428 	 -62690 	 0 	 0 	 0 	 2 	 59
199429 	 -62690 	 0 	 0 	 0 	 -1 	 73
199430 	 -62690 	 0 	 0 	 0 	 -1 	 73
199431 	 -62690 	 0 	 0 	 0 	 0 	 73
199432 	 -62691 	 0 	 0 	 0 	 0 	 93
199433 	 -62691 	 0 	 0 	 0 	 -1 	 73
199435 	 -62690 	 0 	 0 	 0 	 -1 	 66
199436 	 -62690 	 0 	 0 	 0 	 0 	 53
199437 	 -62691 	 0 	 0 	 0 	 2 	 79
199438 	 -62691 	 0 	 0 	 0 	 0 	 93
199439 	 -62691 	 0 	 0 	 0 	 0 	 93
199440 	 -62690 	 0 	 0 	 0 	 -1 	 73
199441 	 -62693 	 0 	 0 	 0 	 0 	 93
199443 	 -62693 	 0 	 0 	 0 	 0 	 79
199443 	 -62693 	 0 	 0 	 0 	 0 	 79
199444 	 -62691 	 0 	 0 	 0 	 -1 	 79
199446 	 -62690 	 0 	 0 	 0 	 2 	 79
199447 	 -62690 	 0 	 0 	 0 	 2 	 79
199448 	 -62690 	 0 	 0 	 0 	 5 	 86
199449 	 -62690 	 0 	 0 	 0 	 2 	 86
199451 	 -62690 	 0 	 0 	 0 	 0 	 73
199455 	 -62690 	 0 	 0 	 0 	 2 	 73
199456 	 -62690 	 0 	 0 	 0 	 0 	 86
199457 	 -62690 	 0 	 0 	 0 	 -1 	 79
199458 	 -62688 	 0 	 0 	 0 	 -1 	 66
199460 	 -62688 	 0 	 0 	 0 	 5 	 66
199461 	 -62688 	 0 	 0 	 0 	 5 	 73
199462 	 -62688 	 0 	 0 	 0 	 5 	 73
199463 	 -62688 	 0 	 0 	 0 	 0 	 66
199464 	 -62688 	 0 	 0 	 0 	 0 	 66
199465 	 -62687 	 0 	 0 	 0 	 0 	 66
199466 	 -62687 	 0 	 0 	 0 	 2 	 59
199467 	 -62689 	 0 	 0 	 0 	 2 	 66
199468 	 -62690 	 0 	 0 	 0 	 -1 	 73
199469 	 -62690 	 0 	 0 	 0 	 -4 	 66
199471 	 -62689 	 0 	 0 	 0 	 -4 	 79
199472 	 -62689 	 0 	 0 	 0 	 0 	 86
199473 	 -62690 	 0 	 0 	 0 	 2 	 86
199474 	 -62690 	 0 	 0 	 0 	 0 	 66
199475 	 -62688 	 0 	 0 	 0 	 -1 	 46
199476 	 -62687 	 0 	 0 	 0 	 2 	 53
199477 	 -62687 	 0 	 0 	 0 	 5 	 53
199479 	 -62690 	 0 	 0 	 0 	 2 	 93
199480 	 -62690 	 0 	 0 	 0 	 -4 	 79
199481 	 -62690 	 0 	 0 	 0 	 -7 	 86
199482 	 -62690 	 0 	 0 	 0 	 -7 	 79
199483 	 -62690 	 0 	 0 	 0 	 -1 	 99
199484 	 -62691 	 0 	 0 	 0 	 0 	 99
199485 	 -62691 	 0 	 0 	 0 	 -1 	 93
199486 	 -62690 	 0 	 0 	 0 	 -1 	 79
199487 	 -62689 	 0 	 0 	 0 	 0 	 73
199488 	 -62689 	 0 	 0 	 0 	 2 	 79
199489 	 -62689 	 0 	 0 	 0 	 5 	 79
199491 	 -62690 	 0 	 0 	 0 	 2 	 79
199492 	 -62690 	 0 	 0 	 0 	 -1 	 73
199493 	 -62690 	 0 	 0 	 0 	 -1 	 73
199494 	 -62690 	 0 	 0 	 0 	 -1 	 73
199495 	 -62687 	 0 	 0 	 0 	 -1 	 79
199496 	 -62687 	 0 	 0 	 0 	 8 	 79
199497 	 -62688 	 0 	 0 	 0 	 8 	 79
199498 	 -62689 	 0 	 0 	 0 	 5 	 73
199500 	 -62690 	 0 	 0 	 0 	 -4 	 93
199500 	 -62690 	 0 	 0 	 0 	 -4 	 93
199501 	 -62690 	 0 	 0 	 0 	 -7 	 93
199502 	 -62689 	 0 	 0 	 0 	 -4 	 86
199504 	 -62688 	 0 	 0 	 0 	 2 	 79
199505 	 -62689 	 0 	 0 	 0 	 5 	 59
199506 	 -62689 	 0 	 0 	 0 	 2 	 66
199507 	 -62689 	 0 	 0 	 0 	 0 	 79
199508 	 -62689 	 0 	 0 	 0 	 -1 	 73
199509 	 -62689 	 0 	 0 	 0 	 -1 	 66
199511 	 -62691 	 0 	 0 	 0 	 -4 	 86
199512 	 -62691 	 0 	 0 	 0 	 -4 	 99
199516 	 -62691 	 0 	 0 	 0 	 0 	 79
199517 	 -62691 	 0 	 0 	 0 	 0 	 86
199518 	 -62693 	 0 	 0 	 0 	 0 	 99
199519 	 -62691 	 0 	 0 	 0 	 -1 	 86
199520 	 -62690 	 0 	 0 	 0 	 0 	 99
199521 	 -62689 	 0 	 0 	 0 	 2 	 93
199522 	 -62688 	 0 	 0 	 0 	 5 	 79
199523 	 -62687 	 0 	 0 	 0 	 11 	 66
199524 	 -62687 	 0 	 0 	 0 	 11 	 59
199525 	 -62689 	 0 	 0 	 0 	 8 	 86
199526 	 -62689 	 0 	 0 	 0 	 0 	 86
199527 	 -62689 	 0 	 0 	 0 	 -1 	 73
199528 	 -62689 	 0 	 0 	 0 	 -4 	 66
199529 	 -62684 	 0 	 0 	 0 	 -4 	 46
199531 	 -62684 	 0 	 0 	 0 	 11 	 39
199532 	 -62687 	 0 	 0 	 0 	 11 	 59
199533 	 -62688 	 0 	 0 	 0 	 5 	 73
199534 	 -62690 	 0 	 0 	 0 	 -8 	 79
199535 	 -62690 	 0 	 0 	 0 	 -13 	 73
199536 	 -62691 	 0 	 0 	 0 	 -13 	 86
199537 	 -62691 	 0 	 0 	 0 	 -10 	 73
199538 	 -62691 	 0 	 0 	 0 	 -7 	 73
199539 	 -62693 	 0 	 0 	 0 	 -1 	 73
199540 	 -62693 	 0 	 0 	 0 	 -4 	 79
199541 	 -62691 	 0 	 0 	 0 	 -1 	 86
199542 	 -62690 	 0 	 0 	 0 	 0 	 79
199544 	 -62689 	 0 	 0 	 0 	 8 	 79
199545 	 -62690 	 0 	 0 	 0 	 8 	 79
199546 	 -62690 	 0 	 0 	 0 	 2 	 93
199547 	 -62690 	 0 	 0 	 0 	 0 	 86
199548 	 -62690 	 0 	 0 	 0 	 -1 	 79
199549 	 -62691 	 0 	 0 	 0 	 -1 	 93
199550 	 -62693 	 0 	 0 	 0 	 -1 	 99
199551 	 -62693 	 0 	 0 	 0 	 -4 	 99
199553 	 -62690 	 0 	 0 	 0 	 0 	 79
199553 	 -62690 	 0 	 0 	 0 	 0 	 79
199554 	 -62689 	 0 	 0 	 0 	 2 	 66
199556 	 -62689 	 0 	 0 	 0 	 8 	 73
199557 	 -62688 	 0 	 0 	 0 	 2 	 66
199558 	 -62688 	 0 	 0 	 0 	 5 	 73
199559 	 -62691 	 0 	 0 	 0 	 2 	 106
199560 	 -62691 	 0 	 0 	 0 	 -4 	 86
199561 	 -62690 	 0 	 0 	 0 	 -4 	 79
199562 	 -62690 	 0 	 0 	 0 	 -4 	 73
199563 	 -62689 	 0 	 0 	 0 	 -4 	 46
199565 	 -62691 	 0 	 0 	 0 	 5 	 59
199565 	 -62691 	 0 	 0 	 0 	 5 	 59
199566 	 -62693 	 0 	 0 	 0 	 -1 	 66
199567 	 -62693 	 0 	 0 	 0 	 -4 	 66
199569 	 -62689 	 0 	 0 	 0 	 -1 	 46
199570 	 -62689 	 0 	 0 	 0 	 5 	 53
199574 	 -62693 	 0 	 0 	 0 	 -1 	 106
199576 	 -62691 	 0 	 0 	 0 	 -4 	 86
199576 	 -62691 	 0 	 0 	 0 	 -4 	 86
199577 	 -62690 	 0 	 0 	 0 	 -1 	 73
199579 	 -62691 	 0 	 0 	 0 	 5 	 73
199580 	 -62691 	 0 	 0 	 0 	 0 	 79
199581 	 -62691 	 0 	 0 	 0 	 0 	 79
199582 	 -62693 	 0 	 0 	 0 	 -1 	 93
199583 	 -62693 	 0 	 0 	 0 	 -4 	 93
199584 	 -62691 	 0 	 0 	 0 	 -1 	 93
199586 	 -62693 	 0 	 0 	 0 	 0 	 79
199586 	 -62693 	 0 	 0 	 0 	 0 	 79
199587 	 -62693 	 0 	 0 	 0 	 0 	 99
199589 	 -62691 	 0 	 0 	 0 	 -1 	 99
199589 	 -62691 	 0 	 0 	 0 	 -1 	 99
199591 	 -62691 	 0 	 0 	 0 	 2 	 106
199592 	 -62690 	 0 	 0 	 0 	 2 	 79
199593 	 -62690 	 0 	 0 	 0 	 5 	 79
199594 	 -62689 	 0 	 0 	 0 	 2 	 73
199595 	 -62690 	 0 	 0 	 0 	 5 	 86
199596 	 -62690 	 0 	 0 	 0 	 2 	 93
199597 	 -62690 	 0 	 0 	 0 	 0 	 93
199599 	 -62689 	 0 	 0 	 0 	 0 	 86
199599 	 -62689 	 0 	 0 	 0 	 0 	 86
199601 	 -62689 	 0 	 0 	 0 	 2 	 86
199602 	 -62690 	 0 	 0 	 0 	 2 	 86
199603 	 -62690 	 0 	 0 	 0 	 -1 	 79
199604 	 -62690 	 0 	 0 	 0 	 -1 	 86
199606 	 -62691 	 0 	 0 	 0 	 -4 	 93
199606 	 -62691 	 0 	 0 	 0 	 -4 	 93
199607 	 -62693 	 0 	 0 	 0 	 -1 	 86
199609 	 -62691 	 0 	 0 	 0 	 -4 	 66
199610 	 -62688 	 0 	 0 	 0 	 0 	 53
199611 	 -62687 	 0 	 0 	 0 	 8 	 46
199612 	 -62688 	 0 	 0 	 0 	 14 	 59
199613 	 -62689 	 0 	 0 	 0 	 11 	 73
199614 	 -62689 	 0 	 0 	 0 	 5 	 66
199615 	 -62689 	 0 	 0 	 0 	 -1 	 66
199617 	 -62689 	 0 	 0 	 0 	 -1 	 39
199617 	 -62689 	 0 	 0 	 0 	 -1 	 39
199618 	 -62689 	 0 	 0 	 0 	 0 	 46
199620 	 -62689 	 0 	 0 	 0 	 0 	 59
199621 	 -62689 	 0 	 0 	 0 	 0 	 59
199622 	 -62690 	 0 	 0 	 0 	 0 	 73
199623 	 -62689 	 0 	 0 	 0 	 -1 	 66
199624 	 -62689 	 0 	 0 	 0 	 0 	 73
199625 	 -62687 	 0 	 0 	 0 	 0 	 53
199627 	 -62689 	 0 	 0 	 0 	 8 	 73
199628 	 -62689 	 0 	 0 	 0 	 0 	 73
199630 	 -62688 	 0 	 0 	 0 	 -1 	 53
199631 	 -62688 	 0 	 0 	 0 	 -1 	 53
199632 	 -62688 	 0 	 0 	 0 	 2 	 53
199633 	 -62689 	 0 	 0 	 0 	 2 	 59
199635 	 -62689 	 0 	 0 	 0 	 -1 	 66
199636 	 -62689 	 0 	 0 	 0 	 -1 	 86
199637 	 -62689 	 0 	 0 	 0 	 -1 	 73
199638 	 -62690 	 0 	 0 	 0 	 0 	 79
199639 	 -62690 	 0 	 0 	 0 	 -1 	 73
199640 	 -62690 	 0 	 0 	 0 	 -1 	 79
199641 	 -62689 	 0 	 0 	 0 	 -1 	 73
199643 	 -62689 	 0 	 0 	 0 	 2 	 66
199643 	 -62689 	 0 	 0 	 0 	 2 	 66
199644 	 -62689 	 0 	 0 	 0 	 2 	 86
199645 	 -62690 	 0 	 0 	 0 	 2 	 93
199647 	 -62690 	 0 	 0 	 0 	 -1 	 66
199648 	 -62690 	 0 	 0 	 0 	 -1 	 79
199649 	 -62690 	 0 	 0 	 0 	 -1 	 79
199650 	 -62691 	 0 	 0 	 0 	 0 	 79
199651 	 -62691 	 0 	 0 	 0 	 -1 	 86
199652 	 -62690 	 0 	 0 	 0 	 -1 	 86
199653 	 -62690 	 0 	 0 	 0 	 0 	 86
199654 	 -62691 	 0 	 0 	 0 	 0 	 99
199656 	 -62691 	 0 	 0 	 0 	 0 	 79
199656 	 -62691 	 0 	 0 	 0 	 0 	 79
199657 	 -62690 	 0 	 0 	 0 	 -1 	 59
199659 	 -62690 	 0 	 0 	 0 	 0 	 46
199660 	 -62691 	 0 	 0 	 0 	 2 	 59
199661 	 -62690 	 0 	 0 	 0 	 0 	 73
199662 	 -62691 	 0 	 0 	 0 	 0 	 86
199663 	 -62691 	 0 	 0 	 0 	 0 	 86
199664 	 -62691 	 0 	 0 	 0 	 -1 	 73
199665 	 -62691 	 0 	 0 	 0 	 0 	 73
199666 	 -62693 	 0 	 0 	 0 	 -1 	 86
199667 	 -62693 	 0 	 0 	 0 	 -1 	 86
199668 	 -62690 	 0 	 0 	 0 	 -1 	 59
199669 	 -62690 	 0 	 0 	 0 	 2 	 59
199671 	 -62691 	 0 	 0 	 0 	 5 	 73
199672 	 -62691 	 0 	 0 	 0 	 2 	 73
199673 	 -62690 	 0 	 0 	 0 	 -1 	 73
199674 	 -62690 	 0 	 0 	 0 	 0 	 59
199675 	 -62691 	 0 	 0 	 0 	 0 	 73
199676 	 -62691 	 0 	 0 	 0 	 0 	 73
199678 	 -62689 	 0 	 0 	 0 	 2 	 73
199679 	 -62690 	 0 	 0 	 0 	 2 	 79
199680 	 -62690 	 0 	 0 	 0 	 2 	 79
199681 	 -62690 	 0 	 0 	 0 	 2 	 73
199682 	 -62689 	 0 	 0 	 0 	 -1 	 66
199683 	 -62689 	 0 	 0 	 0 	 0 	 66
199684 	 -62689 	 0 	 0 	 0 	 2 	 66
199685 	 -62687 	 0 	 0 	 0 	 2 	 46
199687 	 -62687 	 0 	 0 	 0 	 5 	 53
199691 	 -62690 	 0 	 0 	 0 	 -7 	 73
199692 	 -62694 	 0 	 0 	 0 	 -7 	 93
199693 	 -62694 	 0 	 0 	 0 	 -10 	 79
199694 	 -62693 	 0 	 0 	 0 	 -10 	 86
199695 	 -62689 	 0 	 0 	 0 	 -4 	 73
199696 	 -62689 	 0 	 0 	 0 	 2 	 59
199697 	 -62688 	 0 	 0 	 0 	 11 	 59
199698 	 -62688 	 0 	 0 	 0 	 14 	 73
199699 	 -62689 	 0 	 0 	 0 	 11 	 73
199700 	 -62693 	 0 	 0 	 0 	 0 	 79
199701 	 -62693 	 0 	 0 	 0 	 -7 	 73
199703 	 -62690 	 0 	 0 	 0 	 -10 	 73
199704 	 -62690 	 0 	 0 	 0 	 -1 	 73
199705 	 -62691 	 0 	 0 	 0 	 5 	 66
199706 	 -62691 	 0 	 0 	 0 	 2 	 73
199707 	 -62691 	 0 	 0 	 0 	 2 	 86
199708 	 -62691 	 0 	 0 	 0 	 -1 	 93
199710 	 -62689 	 0 	 0 	 0 	 2 	 93
199710 	 -62689 	 0 	 0 	 0 	 2 	 93
199711 	 -62688 	 0 	 0 	 0 	 5 	 53
199712 	 -62688 	 0 	 0 	 0 	 8 	 53
199713 	 -62688 	 0 	 0 	 0 	 8 	 59
199715 	 -62689 	 0 	 0 	 0 	 0 	 66
199716 	 -62689 	 0 	 0 	 0 	 -1 	 73
199717 	 -62694 	 0 	 0 	 0 	 -1 	 106
199718 	 -62694 	 0 	 0 	 0 	 -13 	 106
199719 	 -62693 	 0 	 0 	 0 	 -10 	 113
199720 	 -62691 	 0 	 0 	 0 	 -7 	 93
199721 	 -62691 	 0 	 0 	 0 	 -4 	 79
199723 	 -62690 	 0 	 0 	 0 	 11 	 79
199723 	 -62690 	 0 	 0 	 0 	 11 	 79
199724 	 -62689 	 0 	 0 	 0 	 5 	 73
199725 	 -62689 	 0 	 0 	 0 	 5 	 79
199727 	 -62689 	 0 	 0 	 0 	 0 	 79
199728 	 -62688 	 0 	 0 	 0 	 2 	 66
199729 	 -62687 	 0 	 0 	 0 	 2 	 53
199730 	 -62687 	 0 	 0 	 0 	 5 	 59
199731 	 -62687 	 0 	 0 	 0 	 5 	 53
199732 	 -62687 	 0 	 0 	 0 	 5 	 53
199733 	 -62688 	 0 	 0 	 0 	 2 	 59
199735 	 -62689 	 0 	 0 	 0 	 -4 	 86
199736 	 -62690 	 0 	 0 	 0 	 -4 	 79
199737 	 -62690 	 0 	 0 	 0 	 -7 	 79
199738 	 -62691 	 0 	 0 	 0 	 -4 	 93
199739 	 -62693 	 0 	 0 	 0 	 -4 	 99
199740 	 -62693 	 0 	 0 	 0 	 -7 	 113
199742 	 -62693 	 0 	 0 	 0 	 -4 	 93
199743 	 -62690 	 0 	 0 	 0 	 -1 	 73
199744 	 -62690 	 0 	 0 	 0 	 5 	 59
199745 	 -62690 	 0 	 0 	 0 	 5 	 59
199747 	 -62693 	 0 	 0 	 0 	 0 	 73
199748 	 -62693 	 0 	 0 	 0 	 -4 	 86
199751 	 -62691 	 0 	 0 	 0 	 2 	 73
199753 	 -62690 	 0 	 0 	 0 	 5 	 66
199753 	 -62690 	 0 	 0 	 0 	 5 	 66
199754 	 -62690 	 0 	 0 	 0 	 5 	 73
199756 	 -62689 	 0 	 0 	 0 	 5 	 59
199757 	 -62689 	 0 	 0 	 0 	 2 	 53
199758 	 -62689 	 0 	 0 	 0 	 2 	 53
199759 	 -62689 	 0 	 0 	 0 	 2 	 66
199760 	 -62687 	 0 	 0 	 0 	 0 	 53
199761 	 -62687 	 0 	 0 	 0 	 5 	 59
199762 	 -62687 	 0 	 0 	 0 	 5 	 53
199764 	 -62690 	 0 	 0 	 0 	 2 	 73
199764 	 -62690 	 0 	 0 	 0 	 2 	 73
199765 	 -62690 	 0 	 0 	 0 	 -7 	 73
199766 	 -62690 	 0 	 0 	 0 	 -7 	 66
199768 	 -62690 	 0 	 0 	 0 	 -4 	 53
199769 	 -62690 	 0 	 0 	 0 	 0 	 53
199770 	 -62689 	 0 	 0 	 0 	 0 	 73
199771 	 -62689 	 0 	 0 	 0 	 2 	 79
199772 	 -62689 	 0 	 0 	 0 	 2 	 73
199773 	 -62690 	 0 	 0 	 0 	 2 	 86
199774 	 -62689 	 0 	 0 	 0 	 0 	 59
199776 	 -62685 	 0 	 0 	 0 	 0 	 46
199777 	 -62684 	 0 	 0 	 0 	 9 	 39
199778 	 -62683 	 0 	 0 	 0 	 14 	 33
199779 	 -62683 	 0 	 0 	 0 	 14 	 19
199780 	 -62687 	 0 	 0 	 0 	 14 	 39
199781 	 -62688 	 0 	 0 	 0 	 -2 	 39
199783 	 -62689 	 0 	 0 	 0 	 -13 	 53
199783 	 -62689 	 0 	 0 	 0 	 -13 	 53
199784 	 -62688 	 0 	 0 	 0 	 -13 	 53
199786 	 -62690 	 0 	 0 	 0 	 0 	 66
199787 	 -62690 	 0 	 0 	 0 	 -1 	 66
199788 	 -62691 	 0 	 0 	 0 	 -1 	 86
199789 	 -62691 	 0 	 0 	 0 	 -7 	 73
199790 	 -62691 	 0 	 0 	 0 	 -7 	 79
199791 	 -62691 	 0 	 0 	 0 	 -1 	 79
199792 	 -62693 	 0 	 0 	 0 	 -1 	 86
199793 	 -62693 	 0 	 0 	 0 	 -1 	 79
199795 	 -62695 	 0 	 0 	 0 	 -4 	 93
199795 	 -62695 	 0 	 0 	 0 	 -4 	 93
199796 	 -62695 	 0 	 0 	 0 	 -7 	 86
199798 	 -62694 	 0 	 0 	 0 	 -4 	 86
199799 	 -62693 	 0 	 0 	 0 	 0 	 79
199800 	 -62689 	 0 	 0 	 0 	 5 	 66
199801 	 -62689 	 0 	 0 	 0 	 14 	 73
199802 	 -62689 	 0 	 0 	 0 	 14 	 79
199803 	 -62689 	 0 	 0 	 0 	 11 	 86
199804 	 -62689 	 0 	 0 	 0 	 8 	 79
199806 	 -62691 	 0 	 0 	 0 	 0 	 93
199810 	 -62690 	 0 	 0 	 0 	 -4 	 73
199811 	 -62690 	 0 	 0 	 0 	 2 	 73
199812 	 -62690 	 0 	 0 	 0 	 2 	 86
199813 	 -62690 	 0 	 0 	 0 	 2 	 99
199814 	 -62690 	 0 	 0 	 0 	 2 	 99
199815 	 -62690 	 0 	 0 	 0 	 0 	 99
199817 	 -62689 	 0 	 0 	 0 	 2 	 79
199817 	 -62689 	 0 	 0 	 0 	 2 	 79
199818 	 -62688 	 0 	 0 	 0 	 2 	 59
199819 	 -62685 	 0 	 0 	 0 	 5 	 46
199821 	 -62688 	 0 	 0 	 0 	 9 	 79
199822 	 -62689 	 0 	 0 	 0 	 2 	 79
199823 	 -62689 	 0 	 0 	 0 	 -1 	 66
199824 	 -62689 	 0 	 0 	 0 	 -8 	 59
199825 	 -62689 	 0 	 0 	 0 	 -8 	 66
199826 	 -62689 	 0 	 0 	 0 	 -1 	 79
199827 	 -62690 	 0 	 0 	 0 	 0 	 79
199828 	 -62690 	 0 	 0 	 0 	 -1 	 86
199830 	 -62693 	 0 	 0 	 0 	 -4 	 93
199830 	 -62693 	 0 	 0 	 0 	 -4 	 93
199831 	 -62691 	 0 	 0 	 0 	 -7 	 86
199832 	 -62691 	 0 	 0 	 0 	 -1 	 86
199834 	 -62690 	 0 	 0 	 0 	 2 	 79
199835 	 -62689 	 0 	 0 	 0 	 5 	 79
199836 	 -62688 	 0 	 0 	 0 	 5 	 66
199837 	 -62688 	 0 	 0 	 0 	 8 	 66
199838 	 -62688 	 0 	 0 	 0 	 5 	 66
199839 	 -62689 	 0 	 0 	 0 	 5 	 79
199840 	 -62690 	 0 	 0 	 0 	 0 	 86
199841 	 -62690 	 0 	 0 	 0 	 -4 	 93
199843 	 -62689 	 0 	 0 	 0 	 -1 	 59
199843 	 -62689 	 0 	 0 	 0 	 -1 	 59
199844 	 -62690 	 0 	 0 	 0 	 0 	 73
199846 	 -62693 	 0 	 0 	 0 	 -1 	 93
199847 	 -62691 	 0 	 0 	 0 	 -7 	 79
199848 	 -62691 	 0 	 0 	 0 	 -4 	 79
199849 	 -62689 	 0 	 0 	 0 	 -1 	 46
199850 	 -62689 	 0 	 0 	 0 	 5 	 59
199851 	 -62690 	 0 	 0 	 0 	 8 	 73
199852 	 -62690 	 0 	 0 	 0 	 2 	 73
199853 	 -62689 	 0 	 0 	 0 	 2 	 73
199855 	 -62689 	 0 	 0 	 0 	 0 	 86
199855 	 -62689 	 0 	 0 	 0 	 0 	 86
199856 	 -62688 	 0 	 0 	 0 	 2 	 73
199857 	 -62689 	 0 	 0 	 0 	 5 	 59
199859 	 -62687 	 0 	 0 	 0 	 5 	 59
199860 	 -62687 	 0 	 0 	 0 	 5 	 53
199861 	 -62689 	 0 	 0 	 0 	 2 	 73
199862 	 -62689 	 0 	 0 	 0 	 0 	 59
199863 	 -62689 	 0 	 0 	 0 	 -4 	 73
199865 	 -62690 	 0 	 0 	 0 	 -7 	 73
199869 	 -62690 	 0 	 0 	 0 	 0 	 66
199870 	 -62689 	 0 	 0 	 0 	 0 	 59
199871 	 -62690 	 0 	 0 	 0 	 2 	 59
199872 	 -62690 	 0 	 0 	 0 	 0 	 53
199873 	 -62690 	 0 	 0 	 0 	 0 	 66
199874 	 -62690 	 0 	 0 	 0 	 0 	 73
199876 	 -62690 	 0 	 0 	 0 	 0 	 73
199877 	 -62690 	 0 	 0 	 0 	 0 	 59
199878 	 -62690 	 0 	 0 	 0 	 0 	 73
199879 	 -62690 	 0 	 0 	 0 	 0 	 59
199880 	 -62690 	 0 	 0 	 0 	 0 	 73
199881 	 -62689 	 0 	 0 	 0 	 0 	 53
199882 	 -62689 	 0 	 0 	 0 	 2 	 33
199883 	 -62691 	 0 	 0 	 0 	 2 	 59
199884 	 -62691 	 0 	 0 	 0 	 -1 	 73
199885 	 -62693 	 0 	 0 	 0 	 -1 	 79
199887 	 -62691 	 0 	 0 	 0 	 -7 	 79
199888 	 -62691 	 0 	 0 	 0 	 0 	 73
199889 	 -62691 	 0 	 0 	 0 	 0 	 99
199890 	 -62693 	 0 	 0 	 0 	 2 	 99
199891 	 -62693 	 0 	 0 	 0 	 0 	 113
199892 	 -62693 	 0 	 0 	 0 	 -1 	 86
199893 	 -62693 	 0 	 0 	 0 	 -1 	 79
199894 	 -62693 	 0 	 0 	 0 	 -1 	 79
199895 	 -62693 	 0 	 0 	 0 	 0 	 73
199896 	 -62693 	 0 	 0 	 0 	 0 	 73
199897 	 -62689 	 0 	 0 	 0 	 0 	 59
199899 	 -62689 	 0 	 0 	 0 	 8 	 59
199900 	 -62689 	 0 	 0 	 0 	 8 	 73
199901 	 -62689 	 0 	 0 	 0 	 8 	 66
199902 	 -62690 	 0 	 0 	 0 	 0 	 73
199903 	 -62690 	 0 	 0 	 0 	 -1 	 73
199904 	 -62690 	 0 	 0 	 0 	 -1 	 73
199905 	 -62690 	 0 	 0 	 0 	 -1 	 79
199906 	 -62690 	 0 	 0 	 0 	 -1 	 73
199908 	 -62688 	 0 	 0 	 0 	 2 	 73
199908 	 -62688 	 0 	 0 	 0 	 2 	 73
199909 	 -62688 	 0 	 0 	 0 	 5 	 73
199910 	 -62688 	 0 	 0 	 0 	 5 	 66
199912 	 -62689 	 0 	 0 	 0 	 2 	 79
199913 	 -62689 	 0 	 0 	 0 	 -1 	 86
199914 	 -62689 	 0 	 0 	 0 	 -1 	 93
199915 	 -62689 	 0 	 0 	 0 	 -1 	 86
199916 	 -62689 	 0 	 0 	 0 	 -1 	 93
199917 	 -62690 	 0 	 0 	 0 	 0 	 93
199918 	 -62690 	 0 	 0 	 0 	 -1 	 93
199919 	 -62690 	 0 	 0 	 0 	 -1 	 73
199921 	 -62690 	 0 	 0 	 0 	 -1 	 79
199921 	 -62690 	 0 	 0 	 0 	 -1 	 79
199922 	 -62691 	 0 	 0 	 0 	 0 	 86
199924 	 -62693 	 0 	 0 	 0 	 -1 	 93
199929 	 -62689 	 0 	 0 	 0 	 5 	 73
199930 	 -62690 	 0 	 0 	 0 	 8 	 86
199931 	 -62690 	 0 	 0 	 0 	 2 	 86
199932 	 -62690 	 0 	 0 	 0 	 0 	 86
199933 	 -62691 	 0 	 0 	 0 	 0 	 86
199934 	 -62690 	 0 	 0 	 0 	 -4 	 66
199935 	 -62688 	 0 	 0 	 0 	 0 	 59
199936 	 -62687 	 0 	 0 	 0 	 5 	 59
199937 	 -62687 	 0 	 0 	 0 	 8 	 46
199938 	 -62689 	 0 	 0 	 0 	 11 	 59
199940 	 -62693 	 0 	 0 	 0 	 -4 	 66
199941 	 -62693 	 0 	 0 	 0 	 -13 	 66
199942 	 -62693 	 0 	 0 	 0 	 -13 	 86
199943 	 -62693 	 0 	 0 	 0 	 -7 	 79
199944 	 -62693 	 0 	 0 	 0 	 -4 	 86
199945 	 -62693 	 0 	 0 	 0 	 0 	 73
199947 	 -62694 	 0 	 0 	 0 	 -1 	 86
199947 	 -62694 	 0 	 0 	 0 	 -1 	 86
199948 	 -62694 	 0 	 0 	 0 	 -1 	 93
199949 	 -62694 	 0 	 0 	 0 	 -1 	 99
199951 	 -62691 	 0 	 0 	 0 	 0 	 86
199952 	 -62691 	 0 	 0 	 0 	 5 	 93
199953 	 -62691 	 0 	 0 	 0 	 5 	 86
199954 	 -62691 	 0 	 0 	 0 	 5 	 79
199955 	 -62689 	 0 	 0 	 0 	 5 	 66
199956 	 -62689 	 0 	 0 	 0 	 5 	 59
199957 	 -62688 	 0 	 0 	 0 	 5 	 66
199959 	 -62687 	 0 	 0 	 0 	 11 	 79
199959 	 -62687 	 0 	 0 	 0 	 11 	 79
199960 	 -62687 	 0 	 0 	 0 	 5 	 66
199962 	 -62690 	 0 	 0 	 0 	 0 	 79
199962 	 -62690 	 0 	 0 	 0 	 0 	 79
199963 	 -62690 	 0 	 0 	 0 	 -7 	 93
199965 	 -62691 	 0 	 0 	 0 	 -10 	 79
199966 	 -62689 	 0 	 0 	 0 	 -7 	 73
199967 	 -62689 	 0 	 0 	 0 	 2 	 66
199968 	 -62688 	 0 	 0 	 0 	 2 	 66
199969 	 -62688 	 0 	 0 	 0 	 8 	 53
199970 	 -62689 	 0 	 0 	 0 	 8 	 66
199971 	 -62689 	 0 	 0 	 0 	 0 	 66
199972 	 -62688 	 0 	 0 	 0 	 0 	 66
199973 	 -62688 	 0 	 0 	 0 	 0 	 53
199974 	 -62691 	 0 	 0 	 0 	 0 	 73
199975 	 -62691 	 0 	 0 	 0 	 -4 	 86
199976 	 -62691 	 0 	 0 	 0 	 -4 	 73
199977 	 -62690 	 0 	 0 	 0 	 -7 	 59
199979 	 -62691 	 0 	 0 	 0 	 2 	 73
199980 	 -62691 	 0 	 0 	 0 	 0 	 86
199981 	 -62690 	 0 	 0 	 0 	 0 	 73
199982 	 -62690 	 0 	 0 	 0 	 0 	 73
199984 	 -62688 	 0 	 0 	 0 	 2 	 59
199985 	 -62687 	 0 	 0 	 0 	 8 	 53
199988 	 -62687 	 0 	 0 	 0 	 11 	 39
199990 	 -62691 	 0 	 0 	 0 	 -7 	 59
199990 	 -62691 	 0 	 0 	 0 	 -7 	 59
199991 	 -62691 	 0 	 0 	 0 	 -13 	 73
199993 	 -62693 	 0 	 0 	 0 	 -10 	 73
199994 	 -62693 	 0 	 0 	 0 	 -4 	 66
199995 	 -62693 	 0 	 0 	 0 	 -1 	 79
199996 	 -62691 	 0 	 0 	 0 	 -1 	 73
199997 	 -62691 	 0 	 0 	 0 	 0 	 86
199998 	 -62690 	 0 	 0 	 0 	 2 	 79
199999 	 -62689 	 0 	 0 	 0 	 5 	 73
200000 	 -62689 	 0 	 0 	 0 	 8 	 86
200002 	 -62688 	 0 	 0 	 0 	 5 	 73
200002 	 -62688 	 0 	 0 	 0 	 5 	 73
200003 	 -62688 	 0 	 0 	 0 	 5 	 66
200004 	 -62688 	 0 	 0 	 0 	 2 	 73
200006 	 -62688 	 0 	 0 	 0 	 2 	 59
200007 	 -62688 	 0 	 0 	 0 	 0 	 73
200008 	 -62688 	 0 	 0 	 0 	 0 	 66
200009 	 -62687 	 0 	 0 	 0 	 0 	 46
200010 	 -62687 	 0 	 0 	 0 	 2 	 59
200011 	 -62687 	 0 	 0 	 0 	 2 	 59
200012 	 -62689 	 0 	 0 	 0 	 2 	 79
200013 	 -62690 	 0 	 0 	 0 	 -1 	 86
200015 	 -62690 	 0 	 0 	 0 	 -10 	 66
200015 	 -62690 	 0 	 0 	 0 	 -10 	 66
200016 	 -62690 	 0 	 0 	 0 	 -7 	 66
200017 	 -62689 	 0 	 0 	 0 	 -1 	 59
200019 	 -62690 	 0 	 0 	 0 	 5 	 79
200020 	 -62690 	 0 	 0 	 0 	 0 	 86
200021 	 -62689 	 0 	 0 	 0 	 0 	 73
200022 	 -62689 	 0 	 0 	 0 	 0 	 79
200023 	 -62688 	 0 	 0 	 0 	 0 	 59
200024 	 -62688 	 0 	 0 	 0 	 5 	 59
200025 	 -62688 	 0 	 0 	 0 	 5 	 53
200027 	 -62690 	 0 	 0 	 0 	 -1 	 66
200028 	 -62690 	 0 	 0 	 0 	 -4 	 59
200029 	 -62690 	 0 	 0 	 0 	 -4 	 66
200030 	 -62691 	 0 	 0 	 0 	 -4 	 59
200031 	 -62691 	 0 	 0 	 0 	 -1 	 73
200032 	 -62691 	 0 	 0 	 0 	 -1 	 93
200033 	 -62690 	 0 	 0 	 0 	 -1 	 73
200035 	 -62688 	 0 	 0 	 0 	 5 	 66
200035 	 -62688 	 0 	 0 	 0 	 5 	 66
200036 	 -62688 	 0 	 0 	 0 	 8 	 53
200037 	 -62687 	 0 	 0 	 0 	 8 	 53
200039 	 -62687 	 0 	 0 	 0 	 5 	 53
200040 	 -62687 	 0 	 0 	 0 	 2 	 53
200041 	 -62687 	 0 	 0 	 0 	 2 	 59
200043 	 -62689 	 0 	 0 	 0 	 -1 	 66
200046 	 -62689 	 0 	 0 	 0 	 -4 	 66
200047 	 -62690 	 0 	 0 	 0 	 -1 	 86
200048 	 -62690 	 0 	 0 	 0 	 -1 	 79
200049 	 -62690 	 0 	 0 	 0 	 -1 	 73
200050 	 -62690 	 0 	 0 	 0 	 -1 	 66
200052 	 -62691 	 0 	 0 	 0 	 0 	 86
200052 	 -62691 	 0 	 0 	 0 	 0 	 86
200053 	 -62691 	 0 	 0 	 0 	 -1 	 79
200054 	 -62690 	 0 	 0 	 0 	 -1 	 59
200056 	 -62689 	 0 	 0 	 0 	 0 	 53
200057 	 -62687 	 0 	 0 	 0 	 5 	 39
200058 	 -62687 	 0 	 0 	 0 	 11 	 46
200059 	 -62687 	 0 	 0 	 0 	 8 	 59
200060 	 -62688 	 0 	 0 	 0 	 8 	 66
200061 	 -62688 	 0 	 0 	 0 	 2 	 79
200062 	 -62688 	 0 	 0 	 0 	 -1 	 53
200064 	 -62691 	 0 	 0 	 0 	 -4 	 73
200065 	 -62693 	 0 	 0 	 0 	 -7 	 93
200066 	 -62693 	 0 	 0 	 0 	 -10 	 93
200067 	 -62693 	 0 	 0 	 0 	 -10 	 79
200068 	 -62693 	 0 	 0 	 0 	 -7 	 79
200069 	 -62693 	 0 	 0 	 0 	 -1 	 79
200071 	 -62690 	 0 	 0 	 0 	 0 	 53
200072 	 -62689 	 0 	 0 	 0 	 5 	 59
200073 	 -62689 	 0 	 0 	 0 	 8 	 53
200074 	 -62690 	 0 	 0 	 0 	 8 	 73
200075 	 -62691 	 0 	 0 	 0 	 5 	 73
200076 	 -62691 	 0 	 0 	 0 	 -1 	 79
200078 	 -62691 	 0 	 0 	 0 	 -4 	 93
200079 	 -62690 	 0 	 0 	 0 	 -1 	 93
200080 	 -62690 	 0 	 0 	 0 	 2 	 79
200081 	 -62690 	 0 	 0 	 0 	 2 	 86
200082 	 -62690 	 0 	 0 	 0 	 2 	 86
200084 	 -62689 	 0 	 0 	 0 	 2 	 66
200084 	 -62689 	 0 	 0 	 0 	 2 	 66
200085 	 -62688 	 0 	 0 	 0 	 2 	 59
200087 	 -62688 	 0 	 0 	 0 	 5 	 59
200087 	 -62688 	 0 	 0 	 0 	 5 	 59
200088 	 -62688 	 0 	 0 	 0 	 2 	 59
200090 	 -62687 	 0 	 0 	 0 	 0 	 46
200091 	 -62687 	 0 	 0 	 0 	 2 	 53
200092 	 -62687 	 0 	 0 	 0 	 2 	 53
200093 	 -62688 	 0 	 0 	 0 	 2 	 73
200094 	 -62688 	 0 	 0 	 0 	 0 	 73
200095 	 -62687 	 0 	 0 	 0 	 -1 	 66
200096 	 -62687 	 0 	 0 	 0 	 0 	 53
200097 	 -62689 	 0 	 0 	 0 	 0 	 59
200098 	 -62690 	 0 	 0 	 0 	 -1 	 73
200100 	 -62690 	 0 	 0 	 0 	 -7 	 79
200101 	 -62690 	 0 	 0 	 0 	 -7 	 79
200103 	 -62690 	 0 	 0 	 0 	 0 	 73
200106 	 -62691 	 0 	 0 	 0 	 -1 	 86
200107 	 -62690 	 0 	 0 	 0 	 -1 	 86
200108 	 -62689 	 0 	 0 	 0 	 0 	 93
200109 	 -62688 	 0 	 0 	 0 	 2 	 59
200110 	 -62688 	 0 	 0 	 0 	 8 	 59
200111 	 -62689 	 0 	 0 	 0 	 8 	 73
200113 	 -62691 	 0 	 0 	 0 	 -4 	 86
200113 	 -62691 	 0 	 0 	 0 	 -4 	 86
200114 	 -62691 	 0 	 0 	 0 	 -7 	 79
200116 	 -62690 	 0 	 0 	 0 	 -4 	 73
200117 	 -62690 	 0 	 0 	 0 	 2 	 73
200118 	 -62690 	 0 	 0 	 0 	 2 	 66
200119 	 -62691 	 0 	 0 	 0 	 2 	 86
200120 	 -62691 	 0 	 0 	 0 	 0 	 79
200121 	 -62690 	 0 	 0 	 0 	 -1 	 66
200122 	 -62690 	 0 	 0 	 0 	 0 	 79
200123 	 -62690 	 0 	 0 	 0 	 0 	 73
200125 	 -62689 	 0 	 0 	 0 	 2 	 93
200126 	 -62688 	 0 	 0 	 0 	 2 	 73
200127 	 -62688 	 0 	 0 	 0 	 5 	 73
200128 	 -62688 	 0 	 0 	 0 	 5 	 66
200129 	 -62689 	 0 	 0 	 0 	 5 	 79
200130 	 -62689 	 0 	 0 	 0 	 0 	 86
200132 	 -62689 	 0 	 0 	 0 	 -1 	 86
200132 	 -62689 	 0 	 0 	 0 	 -1 	 86
200133 	 -62689 	 0 	 0 	 0 	 -1 	 66
200134 	 -62687 	 0 	 0 	 0 	 0 	 66
200136 	 -62687 	 0 	 0 	 0 	 5 	 79
200137 	 -62688 	 0 	 0 	 0 	 5 	 79
200138 	 -62688 	 0 	 0 	 0 	 2 	 79
200139 	 -62689 	 0 	 0 	 0 	 -1 	 73
200140 	 -62690 	 0 	 0 	 0 	 -4 	 93
200141 	 -62691 	 0 	 0 	 0 	 -7 	 93
200142 	 -62694 	 0 	 0 	 0 	 -7 	 106
200143 	 -62694 	 0 	 0 	 0 	 -13 	 106
200145 	 -62693 	 0 	 0 	 0 	 -7 	 93
200145 	 -62693 	 0 	 0 	 0 	 -7 	 93
200146 	 -62694 	 0 	 0 	 0 	 -1 	 113
200148 	 -62694 	 0 	 0 	 0 	 0 	 106
200149 	 -62690 	 0 	 0 	 0 	 0 	 86
200150 	 -62690 	 0 	 0 	 0 	 5 	 86
200151 	 -62689 	 0 	 0 	 0 	 8 	 73
200152 	 -62690 	 0 	 0 	 0 	 11 	 93
200153 	 -62690 	 0 	 0 	 0 	 8 	 73
200155 	 -62690 	 0 	 0 	 0 	 0 	 66
200156 	 -62690 	 0 	 0 	 0 	 -1 	 53
200157 	 -62691 	 0 	 0 	 0 	 0 	 79
200158 	 -62693 	 0 	 0 	 0 	 -1 	 93
200159 	 -62693 	 0 	 0 	 0 	 -4 	 93
200160 	 -62693 	 0 	 0 	 0 	 -4 	 93
200162 	 -62690 	 0 	 0 	 0 	 -1 	 79
200166 	 -62690 	 0 	 0 	 0 	 5 	 73
200167 	 -62691 	 0 	 0 	 0 	 0 	 86
200168 	 -62691 	 0 	 0 	 0 	 -1 	 86
200169 	 -62691 	 0 	 0 	 0 	 -1 	 79
200170 	 -62689 	 0 	 0 	 0 	 -1 	 59
200171 	 -62689 	 0 	 0 	 0 	 2 	 53
200172 	 -62690 	 0 	 0 	 0 	 5 	 73
200173 	 -62691 	 0 	 0 	 0 	 2 	 66
200174 	 -62691 	 0 	 0 	 0 	 0 	 79
200175 	 -62691 	 0 	 0 	 0 	 -4 	 73
200176 	 -62690 	 0 	 0 	 0 	 -4 	 73
200178 	 -62690 	 0 	 0 	 0 	 0 	 66
200179 	 -62690 	 0 	 0 	 0 	 2 	 73
200180 	 -62690 	 0 	 0 	 0 	 2 	 73
200181 	 -62690 	 0 	 0 	 0 	 0 	 73
200182 	 -62691 	 0 	 0 	 0 	 2 	 79
200183 	 -62691 	 0 	 0 	 0 	 -1 	 79
200185 	 -62691 	 0 	 0 	 0 	 -1 	 86
200185 	 -62691 	 0 	 0 	 0 	 -1 	 86
200186 	 -62693 	 0 	 0 	 0 	 -1 	 79
200188 	 -62693 	 0 	 0 	 0 	 -1 	 66
200189 	 -62691 	 0 	 0 	 0 	 -1 	 59
200190 	 -62691 	 0 	 0 	 0 	 0 	 79
200191 	 -62691 	 0 	 0 	 0 	 2 	 93
200192 	 -62691 	 0 	 0 	 0 	 2 	 59
200193 	 -62690 	 0 	 0 	 0 	 2 	 53
200194 	 -62690 	 0 	 0 	 0 	 2 	 59
200195 	 -62689 	 0 	 0 	 0 	 2 	 53
200196 	 -62689 	 0 	 0 	 0 	 5 	 73
200197 	 -62690 	 0 	 0 	 0 	 5 	 79
200198 	 -62691 	 0 	 0 	 0 	 0 	 86
200200 	 -62691 	 0 	 0 	 0 	 -4 	 93
200201 	 -62690 	 0 	 0 	 0 	 -4 	 79
200202 	 -62688 	 0 	 0 	 0 	 0 	 73
200203 	 -62687 	 0 	 0 	 0 	 8 	 59
200204 	 -62687 	 0 	 0 	 0 	 11 	 53
200205 	 -62688 	 0 	 0 	 0 	 11 	 66
200206 	 -62688 	 0 	 0 	 0 	 5 	 66
200207 	 -62688 	 0 	 0 	 0 	 0 	 73
200208 	 -62688 	 0 	 0 	 0 	 -1 	 59
200209 	 -62688 	 0 	 0 	 0 	 -1 	 66
200210 	 -62689 	 0 	 0 	 0 	 0 	 73
200211 	 -62690 	 0 	 0 	 0 	 -1 	 73
200212 	 -62690 	 0 	 0 	 0 	 -4 	 73
200213 	 -62690 	 0 	 0 	 0 	 -4 	 73
200214 	 -62690 	 0 	 0 	 0 	 -4 	 73
200216 	 -62690 	 0 	 0 	 0 	 0 	 66
200217 	 -62690 	 0 	 0 	 0 	 0 	 73
200218 	 -62690 	 0 	 0 	 0 	 0 	 73
200219 	 -62690 	 0 	 0 	 0 	 0 	 73
200221 	 -62690 	 0 	 0 	 0 	 0 	 93
200224 	 -62691 	 0 	 0 	 0 	 -1 	 79
200225 	 -62691 	 0 	 0 	 0 	 -1 	 93
200226 	 -62693 	 0 	 0 	 0 	 -1 	 86
200227 	 -62693 	 0 	 0 	 0 	 -1 	 79
200228 	 -62693 	 0 	 0 	 0 	 -1 	 93
200229 	 -62693 	 0 	 0 	 0 	 -1 	 106
200231 	 -62691 	 0 	 0 	 0 	 2 	 86
200232 	 -62690 	 0 	 0 	 0 	 2 	 66
200233 	 -62690 	 0 	 0 	 0 	 5 	 59
200234 	 -62690 	 0 	 0 	 0 	 5 	 66
200235 	 -62689 	 0 	 0 	 0 	 2 	 53
200236 	 -62689 	 0 	 0 	 0 	 5 	 66
200238 	 -62691 	 0 	 0 	 0 	 -1 	 73
200238 	 -62691 	 0 	 0 	 0 	 -1 	 73
200240 	 -62693 	 0 	 0 	 0 	 -7 	 93
200241 	 -62693 	 0 	 0 	 0 	 -7 	 99
200242 	 -62693 	 0 	 0 	 0 	 -1 	 99
200243 	 -62693 	 0 	 0 	 0 	 -1 	 86
200244 	 -62693 	 0 	 0 	 0 	 0 	 79
200245 	 -62693 	 0 	 0 	 0 	 0 	 79
200246 	 -62693 	 0 	 0 	 0 	 0 	 93
200247 	 -62691 	 0 	 0 	 0 	 0 	 93
200249 	 -62691 	 0 	 0 	 0 	 2 	 66
200249 	 -62691 	 0 	 0 	 0 	 2 	 66
200250 	 -62691 	 0 	 0 	 0 	 2 	 86
200251 	 -62691 	 0 	 0 	 0 	 2 	 86
200253 	 -62693 	 0 	 0 	 0 	 0 	 113
200254 	 -62693 	 0 	 0 	 0 	 -1 	 113
200255 	 -62693 	 0 	 0 	 0 	 -1 	 106
200256 	 -62693 	 0 	 0 	 0 	 -1 	 99
200257 	 -62690 	 0 	 0 	 0 	 -1 	 86
200258 	 -62688 	 0 	 0 	 0 	 5 	 73
200259 	 -62688 	 0 	 0 	 0 	 11 	 66
200260 	 -62688 	 0 	 0 	 0 	 11 	 66
200262 	 -62690 	 0 	 0 	 0 	 2 	 86
200262 	 -62690 	 0 	 0 	 0 	 2 	 86
200263 	 -62693 	 0 	 0 	 0 	 -4 	 106
200265 	 -62694 	 0 	 0 	 0 	 -13 	 93
200266 	 -62693 	 0 	 0 	 0 	 -10 	 86
200267 	 -62693 	 0 	 0 	 0 	 -4 	 99
200268 	 -62693 	 0 	 0 	 0 	 0 	 99
200269 	 -62693 	 0 	 0 	 0 	 2 	 93
200270 	 -62694 	 0 	 0 	 0 	 2 	 99
200272 	 -62691 	 0 	 0 	 0 	 0 	 86
200273 	 -62690 	 0 	 0 	 0 	 2 	 79
200274 	 -62690 	 0 	 0 	 0 	 5 	 79
200275 	 -62690 	 0 	 0 	 0 	 8 	 86
200276 	 -62691 	 0 	 0 	 0 	 5 	 93
200277 	 -62691 	 0 	 0 	 0 	 0 	 99
200278 	 -62691 	 0 	 0 	 0 	 -1 	 86
200280 	 -62690 	 0 	 0 	 0 	 -1 	 86
200281 	 -62689 	 0 	 0 	 0 	 2 	 73
200285 	 -62689 	 0 	 0 	 0 	 5 	 73
200286 	 -62689 	 0 	 0 	 0 	 0 	 59
200287 	 -62690 	 0 	 0 	 0 	 -1 	 73
200288 	 -62690 	 0 	 0 	 0 	 -4 	 93
200289 	 -62690 	 0 	 0 	 0 	 -4 	 93
200290 	 -62690 	 0 	 0 	 0 	 -1 	 93
200292 	 -62693 	 0 	 0 	 0 	 -1 	 93
200292 	 -62693 	 0 	 0 	 0 	 -1 	 93
200293 	 -62693 	 0 	 0 	 0 	 -4 	 93
200295 	 -62688 	 0 	 0 	 0 	 -1 	 66
200296 	 -62688 	 0 	 0 	 0 	 8 	 66
200297 	 -62689 	 0 	 0 	 0 	 11 	 59
200298 	 -62690 	 0 	 0 	 0 	 8 	 73
200299 	 -62693 	 0 	 0 	 0 	 2 	 73
200300 	 -62693 	 0 	 0 	 0 	 -10 	 73
200301 	 -62693 	 0 	 0 	 0 	 -10 	 73
200302 	 -62693 	 0 	 0 	 0 	 -7 	 79
200303 	 -62691 	 0 	 0 	 0 	 -4 	 86
200304 	 -62691 	 0 	 0 	 0 	 2 	 79
200306 	 -62690 	 0 	 0 	 0 	 2 	 86
200306 	 -62690 	 0 	 0 	 0 	 2 	 86
200307 	 -62691 	 0 	 0 	 0 	 5 	 93
200309 	 -62690 	 0 	 0 	 0 	 2 	 79
200310 	 -62690 	 0 	 0 	 0 	 2 	 79
200311 	 -62690 	 0 	 0 	 0 	 0 	 79
200312 	 -62691 	 0 	 0 	 0 	 2 	 93
200313 	 -62690 	 0 	 0 	 0 	 -1 	 93
200314 	 -62690 	 0 	 0 	 0 	 0 	 86
200315 	 -62688 	 0 	 0 	 0 	 0 	 73
200316 	 -62688 	 0 	 0 	 0 	 5 	 73
200317 	 -62689 	 0 	 0 	 0 	 8 	 73
200318 	 -62689 	 0 	 0 	 0 	 2 	 73
200319 	 -62691 	 0 	 0 	 0 	 2 	 86
200320 	 -62691 	 0 	 0 	 0 	 -7 	 73
200321 	 -62691 	 0 	 0 	 0 	 -7 	 79
200322 	 -62690 	 0 	 0 	 0 	 -4 	 86
200323 	 -62687 	 0 	 0 	 0 	 -1 	 66
200324 	 -62687 	 0 	 0 	 0 	 11 	 59
200325 	 -62687 	 0 	 0 	 0 	 11 	 59
200326 	 -62690 	 0 	 0 	 0 	 11 	 73
200327 	 -62690 	 0 	 0 	 0 	 0 	 73
200328 	 -62689 	 0 	 0 	 0 	 -7 	 86
200329 	 -62689 	 0 	 0 	 0 	 -4 	 86
200330 	 -62689 	 0 	 0 	 0 	 -4 	 79
200331 	 -62691 	 0 	 0 	 0 	 2 	 86
200333 	 -62694 	 0 	 0 	 0 	 -10 	 99
200333 	 -62694 	 0 	 0 	 0 	 -10 	 99
200334 	 -62693 	 0 	 0 	 0 	 -10 	 86
200336 	 -62690 	 0 	 0 	 0 	 0 	 73
200337 	 -62690 	 0 	 0 	 0 	 8 	 73
200339 	 -62690 	 0 	 0 	 0 	 5 	 73
200340 	 -62689 	 0 	 0 	 0 	 2 	 79
200341 	 -62687 	 0 	 0 	 0 	 2 	 59
200343 	 -62689 	 0 	 0 	 0 	 8 	 53
200343 	 -62689 	 0 	 0 	 0 	 8 	 53
200344 	 -62689 	 0 	 0 	 0 	 2 	 59
200345 	 -62689 	 0 	 0 	 0 	 0 	 46
200347 	 -62689 	 0 	 0 	 0 	 -4 	 53
200347 	 -62689 	 0 	 0 	 0 	 -4 	 53
200348 	 -62690 	 0 	 0 	 0 	 0 	 53
200349 	 -62691 	 0 	 0 	 0 	 -1 	 73
200351 	 -62691 	 0 	 0 	 0 	 -7 	 79
200351 	 -62691 	 0 	 0 	 0 	 -7 	 79
200352 	 -62691 	 0 	 0 	 0 	 -4 	 73
200354 	 -62691 	 0 	 0 	 0 	 0 	 86
200355 	 -62691 	 0 	 0 	 0 	 2 	 86
200356 	 -62691 	 0 	 0 	 0 	 0 	 93
200357 	 -62693 	 0 	 0 	 0 	 0 	 99
200358 	 -62693 	 0 	 0 	 0 	 -1 	 99
200359 	 -62693 	 0 	 0 	 0 	 -1 	 93
200360 	 -62691 	 0 	 0 	 0 	 -1 	 93
200361 	 -62691 	 0 	 0 	 0 	 0 	 79
200362 	 -62690 	 0 	 0 	 0 	 2 	 73
200363 	 -62691 	 0 	 0 	 0 	 5 	 79
200364 	 -62691 	 0 	 0 	 0 	 2 	 93
200365 	 -62691 	 0 	 0 	 0 	 0 	 93
200366 	 -62693 	 0 	 0 	 0 	 0 	 86
200367 	 -62690 	 0 	 0 	 0 	 -4 	 73
200368 	 -62690 	 0 	 0 	 0 	 2 	 66
200369 	 -62690 	 0 	 0 	 0 	 2 	 73
200370 	 -62688 	 0 	 0 	 0 	 2 	 46
200371 	 -62688 	 0 	 0 	 0 	 11 	 46
200372 	 -62690 	 0 	 0 	 0 	 5 	 79
200373 	 -62690 	 0 	 0 	 0 	 0 	 66
200374 	 -62690 	 0 	 0 	 0 	 0 	 79
200375 	 -62690 	 0 	 0 	 0 	 -4 	 79
200376 	 -62693 	 0 	 0 	 0 	 -4 	 93
200377 	 -62693 	 0 	 0 	 0 	 -4 	 93
200378 	 -62694 	 0 	 0 	 0 	 -4 	 99
200379 	 -62693 	 0 	 0 	 0 	 -7 	 86
200381 	 -62693 	 0 	 0 	 0 	 -1 	 93
200381 	 -62693 	 0 	 0 	 0 	 -1 	 93
200382 	 -62691 	 0 	 0 	 0 	 0 	 86
200384 	 -62690 	 0 	 0 	 0 	 5 	 66
200384 	 -62690 	 0 	 0 	 0 	 5 	 66
200385 	 -62690 	 0 	 0 	 0 	 8 	 59
200387 	 -62689 	 0 	 0 	 0 	 5 	 53
200387 	 -62689 	 0 	 0 	 0 	 5 	 53
200388 	 -62689 	 0 	 0 	 0 	 2 	 59
200390 	 -62690 	 0 	 0 	 0 	 2 	 66
200390 	 -62690 	 0 	 0 	 0 	 2 	 66
200392 	 -62689 	 0 	 0 	 0 	 0 	 66
200393 	 -62689 	 0 	 0 	 0 	 0 	 53
200394 	 -62689 	 0 	 0 	 0 	 0 	 53
200395 	 -62690 	 0 	 0 	 0 	 2 	 59
200396 	 -62691 	 0 	 0 	 0 	 -1 	 79
200397 	 -62691 	 0 	 0 	 0 	 -4 	 73
200398 	 -62691 	 0 	 0 	 0 	 -4 	 73
200399 	 -62691 	 0 	 0 	 0 	 -4 	 79
200400 	 -62691 	 0 	 0 	 0 	 -1 	 79
200401 	 -62691 	 0 	 0 	 0 	 0 	 86
200402 	 -62691 	 0 	 0 	 0 	 0 	 73
200403 	 -62691 	 0 	 0 	 0 	 0 	 66
200404 	 -62691 	 0 	 0 	 0 	 0 	 66
200406 	 -62690 	 0 	 0 	 0 	 0 	 66
200406 	 -62690 	 0 	 0 	 0 	 0 	 66
200407 	 -62690 	 0 	 0 	 0 	 2 	 66
200409 	 -62690 	 0 	 0 	 0 	 2 	 66
200410 	 -62690 	 0 	 0 	 0 	 2 	 73
200411 	 -62690 	 0 	 0 	 0 	 0 	 86
200412 	 -62690 	 0 	 0 	 0 	 0 	 99
200413 	 -62690 	 0 	 0 	 0 	 0 	 99
200414 	 -62690 	 0 	 0 	 0 	 0 	 99
200415 	 -62688 	 0 	 0 	 0 	 0 	 86
200416 	 -62689 	 0 	 0 	 0 	 5 	 73
200417 	 -62689 	 0 	 0 	 0 	 2 	 79
200418 	 -62689 	 0 	 0 	 0 	 2 	 79
200419 	 -62689 	 0 	 0 	 0 	 2 	 73
200420 	 -62689 	 0 	 0 	 0 	 -1 	 73
200421 	 -62688 	 0 	 0 	 0 	 0 	 66
200422 	 -62688 	 0 	 0 	 0 	 2 	 53
200423 	 -62690 	 0 	 0 	 0 	 2 	 66
200424 	 -62690 	 0 	 0 	 0 	 -1 	 73
200425 	 -62688 	 0 	 0 	 0 	 -1 	 66
200427 	 -62691 	 0 	 0 	 0 	 0 	 73
200427 	 -62691 	 0 	 0 	 0 	 0 	 73
200428 	 -62693 	 0 	 0 	 0 	 -1 	 79
200429 	 -62693 	 0 	 0 	 0 	 -4 	 73
200431 	 -62691 	 0 	 0 	 0 	 -7 	 73
200432 	 -62691 	 0 	 0 	 0 	 0 	 79
200433 	 -62691 	 0 	 0 	 0 	 2 	 79
200434 	 -62690 	 0 	 0 	 0 	 2 	 66
200435 	 -62690 	 0 	 0 	 0 	 2 	 59
200436 	 -62690 	 0 	 0 	 0 	 2 	 66
200437 	 -62689 	 0 	 0 	 0 	 2 	 73
200438 	 -62689 	 0 	 0 	 0 	 5 	 73
200439 	 -62689 	 0 	 0 	 0 	 2 	 79
200440 	 -62689 	 0 	 0 	 0 	 2 	 93
200441 	 -62689 	 0 	 0 	 0 	 2 	 99
200442 	 -62690 	 0 	 0 	 0 	 0 	 106
200443 	 -62690 	 0 	 0 	 0 	 -1 	 113
200445 	 -62693 	 0 	 0 	 0 	 -4 	 93
200446 	 -62693 	 0 	 0 	 0 	 -7 	 93
200447 	 -62693 	 0 	 0 	 0 	 -4 	 93
200448 	 -62691 	 0 	 0 	 0 	 -4 	 79
200449 	 -62691 	 0 	 0 	 0 	 0 	 66
200450 	 -62691 	 0 	 0 	 0 	 2 	 79
200451 	 -62691 	 0 	 0 	 0 	 2 	 79
200452 	 -62693 	 0 	 0 	 0 	 2 	 99
200453 	 -62693 	 0 	 0 	 0 	 -1 	 86
200454 	 -62693 	 0 	 0 	 0 	 -1 	 93
200455 	 -62693 	 0 	 0 	 0 	 -1 	 86
200456 	 -62693 	 0 	 0 	 0 	 -1 	 99
200457 	 -62691 	 0 	 0 	 0 	 0 	 93
200458 	 -62691 	 0 	 0 	 0 	 2 	 99
200460 	 -62691 	 0 	 0 	 0 	 2 	 86
200461 	 -62690 	 0 	 0 	 0 	 2 	 86
200462 	 -62690 	 0 	 0 	 0 	 2 	 93
200463 	 -62690 	 0 	 0 	 0 	 2 	 86
200464 	 -62691 	 0 	 0 	 0 	 2 	 99
200465 	 -62691 	 0 	 0 	 0 	 0 	 93
200466 	 -62691 	 0 	 0 	 0 	 -1 	 79
200467 	 -62691 	 0 	 0 	 0 	 -1 	 79
200468 	 -62691 	 0 	 0 	 0 	 -1 	 93
200469 	 -62691 	 0 	 0 	 0 	 0 	 86
200470 	 -62693 	 0 	 0 	 0 	 0 	 86
200471 	 -62693 	 0 	 0 	 0 	 -1 	 86
200472 	 -62691 	 0 	 0 	 0 	 -1 	 79
200473 	 -62690 	 0 	 0 	 0 	 0 	 79
200474 	 -62690 	 0 	 0 	 0 	 2 	 59
200475 	 -62690 	 0 	 0 	 0 	 5 	 66
200476 	 -62691 	 0 	 0 	 0 	 5 	 79
200477 	 -62690 	 0 	 0 	 0 	 0 	 79
200478 	 -62690 	 0 	 0 	 0 	 0 	 79
200479 	 -62690 	 0 	 0 	 0 	 0 	 86
200480 	 -62690 	 0 	 0 	 0 	 0 	 86
200481 	 -62690 	 0 	 0 	 0 	 2 	 79
200482 	 -62690 	 0 	 0 	 0 	 0 	 86
200483 	 -62689 	 0 	 0 	 0 	 0 	 66
200484 	 -62689 	 0 	 0 	 0 	 2 	 53
200485 	 -62689 	 0 	 0 	 0 	 2 	 66
200486 	 -62688 	 0 	 0 	 0 	 2 	 73
200487 	 -62688 	 0 	 0 	 0 	 5 	 66
200488 	 -62689 	 0 	 0 	 0 	 2 	 73
200489 	 -62689 	 0 	 0 	 0 	 0 	 79
200490 	 -62690 	 0 	 0 	 0 	 0 	 79
200491 	 -62690 	 0 	 0 	 0 	 -4 	 79
200492 	 -62690 	 0 	 0 	 0 	 -4 	 86
200493 	 -62690 	 0 	 0 	 0 	 -1 	 86
200495 	 -62691 	 0 	 0 	 0 	 -1 	 93
200496 	 -62691 	 0 	 0 	 0 	 -1 	 86
200497 	 -62690 	 0 	 0 	 0 	 -1 	 73
200499 	 -62689 	 0 	 0 	 0 	 2 	 53
200499 	 -62689 	 0 	 0 	 0 	 2 	 53
200501 	 -62690 	 0 	 0 	 0 	 2 	 59
200503 	 -62691 	 0 	 0 	 0 	 -1 	 59
200503 	 -62691 	 0 	 0 	 0 	 -1 	 59
200504 	 -62691 	 0 	 0 	 0 	 -4 	 59
200505 	 -62690 	 0 	 0 	 0 	 -1 	 46
200507 	 -62693 	 0 	 0 	 0 	 0 	 66
200507 	 -62693 	 0 	 0 	 0 	 0 	 66
200508 	 -62693 	 0 	 0 	 0 	 -1 	 73
200509 	 -62689 	 0 	 0 	 0 	 -1 	 59
200511 	 -62689 	 0 	 0 	 0 	 5 	 66
200511 	 -62689 	 0 	 0 	 0 	 5 	 66
200512 	 -62688 	 0 	 0 	 0 	 8 	 53
200513 	 -62688 	 0 	 0 	 0 	 11 	 53
200515 	 -62689 	 0 	 0 	 0 	 2 	 66
200515 	 -62689 	 0 	 0 	 0 	 2 	 66
200516 	 -62689 	 0 	 0 	 0 	 0 	 59
200517 	 -62689 	 0 	 0 	 0 	 -1 	 66
200519 	 -62690 	 0 	 0 	 0 	 -1 	 66
200520 	 -62691 	 0 	 0 	 0 	 -1 	 99
200521 	 -62691 	 0 	 0 	 0 	 -4 	 93
200522 	 -62691 	 0 	 0 	 0 	 -4 	 86
200523 	 -62691 	 0 	 0 	 0 	 -4 	 93
200524 	 -62691 	 0 	 0 	 0 	 -1 	 93
200525 	 -62691 	 0 	 0 	 0 	 0 	 93
200526 	 -62691 	 0 	 0 	 0 	 0 	 73
200527 	 -62691 	 0 	 0 	 0 	 0 	 79
200528 	 -62687 	 0 	 0 	 0 	 0 	 66
200529 	 -62687 	 0 	 0 	 0 	 11 	 66
200530 	 -62688 	 0 	 0 	 0 	 11 	 66
200531 	 -62689 	 0 	 0 	 0 	 8 	 73
200532 	 -62690 	 0 	 0 	 0 	 5 	 66
200534 	 -62689 	 0 	 0 	 0 	 -7 	 66
200534 	 -62689 	 0 	 0 	 0 	 -7 	 66
200535 	 -62689 	 0 	 0 	 0 	 -1 	 66
200536 	 -62689 	 0 	 0 	 0 	 0 	 79
200538 	 -62690 	 0 	 0 	 0 	 0 	 86
200538 	 -62690 	 0 	 0 	 0 	 0 	 86
200539 	 -62690 	 0 	 0 	 0 	 -1 	 73
200541 	 -62690 	 0 	 0 	 0 	 -1 	 79
200542 	 -62690 	 0 	 0 	 0 	 0 	 73
200543 	 -62691 	 0 	 0 	 0 	 0 	 93
200544 	 -62690 	 0 	 0 	 0 	 -1 	 86
200545 	 -62689 	 0 	 0 	 0 	 0 	 93
200546 	 -62689 	 0 	 0 	 0 	 2 	 79
200547 	 -62690 	 0 	 0 	 0 	 2 	 79
200548 	 -62690 	 0 	 0 	 0 	 2 	 79
200549 	 -62690 	 0 	 0 	 0 	 0 	 73
200550 	 -62689 	 0 	 0 	 0 	 -1 	 59
200551 	 -62688 	 0 	 0 	 0 	 0 	 66
200553 	 -62689 	 0 	 0 	 0 	 2 	 73
200554 	 -62690 	 0 	 0 	 0 	 2 	 93
200555 	 -62690 	 0 	 0 	 0 	 -1 	 106
200556 	 -62689 	 0 	 0 	 0 	 -4 	 86
200557 	 -62689 	 0 	 0 	 0 	 0 	 66
200558 	 -62689 	 0 	 0 	 0 	 0 	 59
200559 	 -62689 	 0 	 0 	 0 	 2 	 59
200560 	 -62689 	 0 	 0 	 0 	 2 	 73
200561 	 -62691 	 0 	 0 	 0 	 0 	 86
200562 	 -62691 	 0 	 0 	 0 	 -4 	 73
200563 	 -62691 	 0 	 0 	 0 	 -4 	 73
200564 	 -62688 	 0 	 0 	 0 	 -4 	 46
200566 	 -62687 	 0 	 0 	 0 	 11 	 46
200566 	 -62687 	 0 	 0 	 0 	 11 	 46
200567 	 -62687 	 0 	 0 	 0 	 11 	 46
200568 	 -62688 	 0 	 0 	 0 	 11 	 59
200570 	 -62689 	 0 	 0 	 0 	 -4 	 66
200570 	 -62689 	 0 	 0 	 0 	 -4 	 66
200571 	 -62689 	 0 	 0 	 0 	 -4 	 66
200572 	 -62689 	 0 	 0 	 0 	 -4 	 79
200574 	 -62693 	 0 	 0 	 0 	 -1 	 99
200575 	 -62694 	 0 	 0 	 0 	 -7 	 113
200576 	 -62695 	 0 	 0 	 0 	 -10 	 106
200577 	 -62695 	 0 	 0 	 0 	 -13 	 113
200578 	 -62693 	 0 	 0 	 0 	 -10 	 106
200579 	 -62691 	 0 	 0 	 0 	 0 	 106
200580 	 -62690 	 0 	 0 	 0 	 5 	 86
200581 	 -62689 	 0 	 0 	 0 	 11 	 79
200582 	 -62689 	 0 	 0 	 0 	 14 	 73
200583 	 -62691 	 0 	 0 	 0 	 8 	 86
200584 	 -62691 	 0 	 0 	 0 	 0 	 86
200586 	 -62691 	 0 	 0 	 0 	 -4 	 106
200587 	 -62691 	 0 	 0 	 0 	 -4 	 93
200588 	 -62689 	 0 	 0 	 0 	 0 	 99
200589 	 -62689 	 0 	 0 	 0 	 5 	 86
200590 	 -62690 	 0 	 0 	 0 	 5 	 93
200591 	 -62691 	 0 	 0 	 0 	 2 	 119
200593 	 -62693 	 0 	 0 	 0 	 -4 	 106
200593 	 -62693 	 0 	 0 	 0 	 -4 	 106
200594 	 -62693 	 0 	 0 	 0 	 -7 	 99
200595 	 -62691 	 0 	 0 	 0 	 -4 	 93
200597 	 -62690 	 0 	 0 	 0 	 2 	 79
200598 	 -62689 	 0 	 0 	 0 	 5 	 73
200599 	 -62689 	 0 	 0 	 0 	 8 	 79
200600 	 -62687 	 0 	 0 	 0 	 5 	 66
200601 	 -62687 	 0 	 0 	 0 	 8 	 59
200602 	 -62688 	 0 	 0 	 0 	 8 	 66
200603 	 -62688 	 0 	 0 	 0 	 2 	 59
200604 	 -62689 	 0 	 0 	 0 	 2 	 53
200605 	 -62690 	 0 	 0 	 0 	 -4 	 53
200606 	 -62690 	 0 	 0 	 0 	 -7 	 59
200608 	 -62691 	 0 	 0 	 0 	 -7 	 73
200610 	 -62693 	 0 	 0 	 0 	 -1 	 79
200611 	 -62693 	 0 	 0 	 0 	 -4 	 86
200612 	 -62690 	 0 	 0 	 0 	 -1 	 73
200613 	 -62689 	 0 	 0 	 0 	 2 	 79
200614 	 -62689 	 0 	 0 	 0 	 5 	 79
200615 	 -62689 	 0 	 0 	 0 	 8 	 73
200616 	 -62689 	 0 	 0 	 0 	 8 	 59
200617 	 -62690 	 0 	 0 	 0 	 2 	 79
200618 	 -62690 	 0 	 0 	 0 	 -1 	 79
200619 	 -62690 	 0 	 0 	 0 	 -1 	 93
200621 	 -62690 	 0 	 0 	 0 	 -1 	 66
200621 	 -62690 	 0 	 0 	 0 	 -1 	 66
200622 	 -62690 	 0 	 0 	 0 	 0 	 86
200623 	 -62691 	 0 	 0 	 0 	 0 	 99
200625 	 -62690 	 0 	 0 	 0 	 -1 	 93
200626 	 -62689 	 0 	 0 	 0 	 0 	 86
200627 	 -62690 	 0 	 0 	 0 	 2 	 86
200628 	 -62690 	 0 	 0 	 0 	 2 	 73
200629 	 -62691 	 0 	 0 	 0 	 2 	 73
200630 	 -62690 	 0 	 0 	 0 	 -1 	 66
200631 	 -62689 	 0 	 0 	 0 	 -1 	 73
200632 	 -62689 	 0 	 0 	 0 	 2 	 73
200633 	 -62689 	 0 	 0 	 0 	 2 	 66
200634 	 -62689 	 0 	 0 	 0 	 5 	 66
200635 	 -62690 	 0 	 0 	 0 	 2 	 73
200636 	 -62693 	 0 	 0 	 0 	 -1 	 86
200637 	 -62693 	 0 	 0 	 0 	 -7 	 99
200638 	 -62693 	 0 	 0 	 0 	 -7 	 99
200639 	 -62691 	 0 	 0 	 0 	 -7 	 93
200640 	 -62690 	 0 	 0 	 0 	 -1 	 79
200641 	 -62690 	 0 	 0 	 0 	 5 	 86
200642 	 -62689 	 0 	 0 	 0 	 5 	 79
200644 	 -62689 	 0 	 0 	 0 	 8 	 99
200644 	 -62689 	 0 	 0 	 0 	 8 	 99
200645 	 -62689 	 0 	 0 	 0 	 2 	 93
200646 	 -62689 	 0 	 0 	 0 	 2 	 79
200648 	 -62690 	 0 	 0 	 0 	 -4 	 73
200649 	 -62689 	 0 	 0 	 0 	 -1 	 59
200650 	 -62689 	 0 	 0 	 0 	 0 	 46
200651 	 -62689 	 0 	 0 	 0 	 0 	 46
200652 	 -62690 	 0 	 0 	 0 	 2 	 66
200653 	 -62691 	 0 	 0 	 0 	 0 	 79
200654 	 -62691 	 0 	 0 	 0 	 -4 	 73
200655 	 -62690 	 0 	 0 	 0 	 -4 	 79
200656 	 -62690 	 0 	 0 	 0 	 -1 	 93
200657 	 -62689 	 0 	 0 	 0 	 0 	 86
200658 	 -62689 	 0 	 0 	 0 	 5 	 73
200660 	 -62685 	 0 	 0 	 0 	 5 	 53
200660 	 -62685 	 0 	 0 	 0 	 5 	 53
