25939 	 68501 	 0 	 0 	 0 	 0 	 -491 	 -517 	 -136	 65382 	 -516
25940 	 68501 	 0 	 0 	 0 	 0 	 -498 	 -517 	 -141	 65383 	 -516
25941 	 68501 	 0 	 0 	 0 	 0 	 -498 	 -517 	 -118	 65383 	 -516
25943 	 68502 	 0 	 0 	 0 	 0 	 -505 	 -517 	 -145	 65381 	 -517
25945 	 68502 	 0 	 0 	 0 	 1 	 -505 	 -516 	 -162	 65380 	 -517
25946 	 68502 	 0 	 0 	 0 	 1 	 -491 	 -516 	 -162	 65373 	 -520
25947 	 68502 	 0 	 0 	 0 	 1 	 -491 	 -516 	 -132	 65371 	 -520
25948 	 68501 	 0 	 0 	 0 	 0 	 -478 	 -517 	 -168	 65368 	 -520
25949 	 68501 	 0 	 0 	 0 	 0 	 -478 	 -517 	 -216	 65369 	 -517
25950 	 68501 	 0 	 0 	 0 	 0 	 -491 	 -517 	 -216	 65367 	 -518
25951 	 68502 	 0 	 0 	 0 	 0 	 -498 	 -517 	 -183	 65370 	 -514
25952 	 68502 	 0 	 0 	 0 	 0 	 -505 	 -517 	 -188	 65369 	 -514
25953 	 68502 	 0 	 0 	 0 	 0 	 -498 	 -517 	 -188	 65368 	 -514
25954 	 68504 	 0 	 0 	 0 	 3 	 -498 	 -514 	 -138	 65369 	 -512
25955 	 68504 	 0 	 0 	 0 	 3 	 -511 	 -514 	 -177	 65369 	 -512
25955 	 68504 	 0 	 0 	 0 	 3 	 -511 	 -514 	 -177	 65369 	 -512
25958 	 68502 	 0 	 0 	 0 	 0 	 -491 	 -517 	 -169	 65365 	 -517
25959 	 68501 	 0 	 0 	 0 	 0 	 -491 	 -517 	 -212	 65366 	 -517
25959 	 68501 	 0 	 0 	 0 	 0 	 -491 	 -517 	 -212	 65366 	 -517
25961 	 68499 	 0 	 0 	 0 	 -6 	 -478 	 -522 	 -212	 65361 	 -517
25962 	 68500 	 0 	 0 	 0 	 -2 	 -485 	 -518 	 -218	 65359 	 -516
25964 	 68500 	 0 	 0 	 0 	 -2 	 -485 	 -518 	 -221	 65356 	 -516
25964 	 68500 	 0 	 0 	 0 	 -2 	 -485 	 -518 	 -221	 65356 	 -516
25965 	 68501 	 0 	 0 	 0 	 0 	 -491 	 -517 	 -215	 65352 	 -517
25965 	 68501 	 0 	 0 	 0 	 0 	 -491 	 -517 	 -215	 65352 	 -517
25966 	 68501 	 0 	 0 	 0 	 3 	 -491 	 -514 	 -255	 65350 	 -517
25968 	 68500 	 0 	 0 	 0 	 0 	 -491 	 -517 	 -176	 65347 	 -517
25970 	 68504 	 0 	 0 	 0 	 5 	 -498 	 -512 	 -161	 65348 	 -517
25971 	 68504 	 0 	 0 	 0 	 3 	 -498 	 -514 	 -197	 65349 	 -517
25972 	 68504 	 0 	 0 	 0 	 3 	 -491 	 -514 	 -197	 65352 	 -514
25973 	 68504 	 0 	 0 	 0 	 5 	 -491 	 -512 	 -166	 65352 	 -514
25974 	 68502 	 0 	 0 	 0 	 3 	 -485 	 -514 	 -206	 65352 	 -514
25975 	 68504 	 0 	 0 	 0 	 3 	 -491 	 -514 	 -214	 65351 	 -514
25977 	 68504 	 0 	 0 	 0 	 0 	 -491 	 -517 	 -198	 65347 	 -517
25978 	 68505 	 0 	 0 	 0 	 1 	 -491 	 -516 	 -161	 65346 	 -517
25980 	 68505 	 0 	 0 	 0 	 3 	 -491 	 -514 	 -214	 65343 	 -518
25981 	 68505 	 0 	 0 	 0 	 1 	 -498 	 -516 	 -218	 65343 	 -518
25983 	 68502 	 0 	 0 	 0 	 0 	 -472 	 -517 	 -280	 65339 	 -518
25984 	 68502 	 0 	 0 	 0 	 -2 	 -485 	 -518 	 -234	 65338 	 -518
25985 	 68502 	 0 	 0 	 0 	 -2 	 -478 	 -518 	 -234	 65337 	 -517
25986 	 68502 	 0 	 0 	 0 	 -2 	 -485 	 -518 	 -189	 65339 	 -514
25987 	 68504 	 0 	 0 	 0 	 0 	 -491 	 -517 	 -241	 65339 	 -514
25988 	 68504 	 0 	 0 	 0 	 0 	 -478 	 -517 	 -241	 65339 	 -512
25989 	 68502 	 0 	 0 	 0 	 0 	 -478 	 -517 	 -206	 65335 	 -514
25990 	 68502 	 0 	 0 	 0 	 0 	 -478 	 -517 	 -247	 65333 	 -514
25991 	 68502 	 0 	 0 	 0 	 0 	 -472 	 -517 	 -185	 65329 	 -514
25992 	 68502 	 0 	 0 	 0 	 0 	 -478 	 -517 	 -197	 65330 	 -512
25993 	 68501 	 0 	 0 	 0 	 -2 	 -472 	 -518 	 -197	 65327 	 -514
25996 	 68504 	 0 	 0 	 0 	 1 	 -485 	 -516 	 -266	 65324 	 -514
25997 	 68504 	 0 	 0 	 0 	 1 	 -485 	 -516 	 -266	 65321 	 -516
25998 	 68505 	 0 	 0 	 0 	 3 	 -491 	 -514 	 -232	 65321 	 -516
25999 	 68505 	 0 	 0 	 0 	 5 	 -491 	 -512 	 -232	 65324 	 -514
26000 	 68505 	 0 	 0 	 0 	 5 	 -505 	 -512 	 -201	 65322 	 -517
26001 	 68505 	 0 	 0 	 0 	 3 	 -505 	 -514 	 -226	 65325 	 -517
26002 	 68505 	 0 	 0 	 0 	 1 	 -505 	 -516 	 -201	 65326 	 -518
26003 	 68506 	 0 	 0 	 0 	 3 	 -511 	 -514 	 -223	 65329 	 -518
26004 	 68506 	 0 	 0 	 0 	 1 	 -774 	 -516 	 -223	 65333 	 -517
26005 	 68506 	 0 	 0 	 0 	 1 	 -774 	 -516 	 -235	 65337 	 -517
26006 	 68505 	 0 	 0 	 0 	 0 	 -498 	 -517 	 -205	 65338 	 -517
26009 	 68504 	 0 	 0 	 0 	 -2 	 -498 	 -518 	 -262	 65339 	 -517
26010 	 68504 	 0 	 0 	 0 	 -2 	 -498 	 -518 	 -274	 65338 	 -517
26011 	 68502 	 0 	 0 	 0 	 -4 	 -478 	 -520 	 -274	 65335 	 -517
26012 	 68504 	 0 	 0 	 0 	 0 	 -478 	 -517 	 -251	 65331 	 -518
26013 	 68505 	 0 	 0 	 0 	 0 	 -491 	 -517 	 -240	 65328 	 -518
26014 	 68505 	 0 	 0 	 0 	 1 	 -498 	 -516 	 -240	 65327 	 -516
26015 	 68506 	 0 	 0 	 0 	 3 	 -511 	 -514 	 -282	 65328 	 -514
26015 	 68506 	 0 	 0 	 0 	 3 	 -511 	 -514 	 -282	 65328 	 -514
26017 	 68505 	 0 	 0 	 0 	 3 	 -505 	 -514 	 -249	 65332 	 -512
26018 	 68504 	 0 	 0 	 0 	 0 	 -505 	 -517 	 -240	 65334 	 -512
26019 	 68504 	 0 	 0 	 0 	 0 	 -498 	 -517 	 -208	 65329 	 -516
26021 	 68504 	 0 	 0 	 0 	 -2 	 -498 	 -518 	 -181	 65331 	 -516
26022 	 68505 	 0 	 0 	 0 	 0 	 -505 	 -517 	 -247	 65335 	 -514
26023 	 68505 	 0 	 0 	 0 	 0 	 -505 	 -517 	 -247	 65334 	 -516
26024 	 68505 	 0 	 0 	 0 	 1 	 -491 	 -516 	 -197	 65333 	 -516
26025 	 68505 	 0 	 0 	 0 	 1 	 -491 	 -516 	 -177	 65330 	 -517
26026 	 68505 	 0 	 0 	 0 	 1 	 -498 	 -516 	 -177	 65326 	 -518
26027 	 68506 	 0 	 0 	 0 	 3 	 -511 	 -514 	 -193	 65324 	 -520
26028 	 68506 	 0 	 0 	 0 	 1 	 -511 	 -516 	 -245	 65324 	 -520
26029 	 68505 	 0 	 0 	 0 	 0 	 -498 	 -517 	 -222	 65326 	 -517
26030 	 68505 	 0 	 0 	 0 	 0 	 -511 	 -517 	 -244	 65327 	 -517
26031 	 68507 	 0 	 0 	 0 	 4 	 -781 	 -513 	 -220	 65333 	 -514
26034 	 68506 	 0 	 0 	 0 	 0 	 -505 	 -517 	 -221	 65336 	 -514
26035 	 68505 	 0 	 0 	 0 	 0 	 -498 	 -517 	 -255	 65337 	 -514
26036 	 68505 	 0 	 0 	 0 	 0 	 -505 	 -517 	 -208	 65338 	 -514
26037 	 68505 	 0 	 0 	 0 	 -3 	 -505 	 -519 	 -208	 65334 	 -517
26038 	 68505 	 0 	 0 	 0 	 -3 	 -774 	 -519 	 -241	 65334 	 -517
26039 	 68505 	 0 	 0 	 0 	 -3 	 -511 	 -519 	 -284	 65334 	 -518
26040 	 68505 	 0 	 0 	 0 	 0 	 -511 	 -517 	 -210	 65335 	 -517
26041 	 68504 	 0 	 0 	 0 	 0 	 -505 	 -517 	 -210	 65333 	 -517
26041 	 68504 	 0 	 0 	 0 	 0 	 -505 	 -517 	 -210	 65333 	 -517
26043 	 68504 	 0 	 0 	 0 	 0 	 -498 	 -517 	 -263	 65330 	 -516
26044 	 68502 	 0 	 0 	 0 	 -2 	 -491 	 -518 	 -224	 65328 	 -516
26047 	 68505 	 0 	 0 	 0 	 1 	 -511 	 -516 	 -217	 65328 	 -516
26048 	 68505 	 0 	 0 	 0 	 1 	 -774 	 -516 	 -264	 65328 	 -516
26049 	 68505 	 0 	 0 	 0 	 1 	 -774 	 -516 	 -264	 65327 	 -517
26050 	 68504 	 0 	 0 	 0 	 1 	 -505 	 -516 	 -253	 65331 	 -513
26051 	 68504 	 0 	 0 	 0 	 1 	 -505 	 -516 	 -232	 65330 	 -513
26052 	 68504 	 0 	 0 	 0 	 0 	 -505 	 -517 	 -232	 65327 	 -517
26053 	 68505 	 0 	 0 	 0 	 0 	 -774 	 -517 	 -196	 65329 	 -517
26054 	 68506 	 0 	 0 	 0 	 1 	 -781 	 -516 	 -225	 65330 	 -519
26055 	 68507 	 0 	 0 	 0 	 4 	 -794 	 -513 	 -240	 65334 	 -519
26056 	 68507 	 0 	 0 	 0 	 6 	 -794 	 -511 	 -260	 65336 	 -519
26057 	 68506 	 0 	 0 	 0 	 3 	 -781 	 -514 	 -260	 65340 	 -517
26060 	 68504 	 0 	 0 	 0 	 -2 	 -511 	 -518 	 -291	 65340 	 -517
26060 	 68504 	 0 	 0 	 0 	 -2 	 -511 	 -518 	 -291	 65340 	 -517
26061 	 68504 	 0 	 0 	 0 	 -5 	 -505 	 -521 	 -291	 65340 	 -517
26063 	 68506 	 0 	 0 	 0 	 0 	 -774 	 -517 	 -258	 65342 	 -518
26063 	 68506 	 0 	 0 	 0 	 0 	 -774 	 -517 	 -258	 65342 	 -518
26064 	 68505 	 0 	 0 	 0 	 1 	 -774 	 -516 	 -210	 65343 	 -516
26066 	 68504 	 0 	 0 	 0 	 0 	 -498 	 -517 	 -226	 65335 	 -516
26067 	 68505 	 0 	 0 	 0 	 1 	 -774 	 -516 	 -226	 65334 	 -516
26068 	 68505 	 0 	 0 	 0 	 0 	 -774 	 -517 	 -237	 65334 	 -516
26069 	 68504 	 0 	 0 	 0 	 -2 	 -511 	 -518 	 -249	 65333 	 -517
26070 	 68504 	 0 	 0 	 0 	 0 	 -511 	 -517 	 -276	 65332 	 -517
26070 	 68504 	 0 	 0 	 0 	 0 	 -511 	 -517 	 -276	 65332 	 -517
26073 	 68504 	 0 	 0 	 0 	 0 	 -511 	 -517 	 -196	 65332 	 -516
26073 	 68504 	 0 	 0 	 0 	 0 	 -511 	 -517 	 -196	 65332 	 -516
26074 	 68504 	 0 	 0 	 0 	 0 	 -774 	 -517 	 -232	 65335 	 -513
26074 	 68504 	 0 	 0 	 0 	 0 	 -774 	 -517 	 -232	 65335 	 -513
26076 	 68504 	 0 	 0 	 0 	 0 	 -774 	 -517 	 -229	 65339 	 -514
26077 	 68505 	 0 	 0 	 0 	 1 	 -774 	 -516 	 -256	 65335 	 -518
26079 	 68505 	 0 	 0 	 0 	 1 	 -774 	 -516 	 -228	 65332 	 -521
26079 	 68505 	 0 	 0 	 0 	 1 	 -774 	 -516 	 -228	 65332 	 -521
26080 	 68506 	 0 	 0 	 0 	 3 	 -781 	 -514 	 -181	 65337 	 -517
26081 	 68506 	 0 	 0 	 0 	 1 	 -787 	 -516 	 -226	 65339 	 -517
26083 	 68505 	 0 	 0 	 0 	 0 	 -505 	 -517 	 -242	 65339 	 -517
26085 	 68505 	 0 	 0 	 0 	 0 	 -511 	 -517 	 -192	 65337 	 -517
26086 	 68505 	 0 	 0 	 0 	 0 	 -511 	 -517 	 -202	 65337 	 -516
26087 	 68505 	 0 	 0 	 0 	 0 	 -774 	 -517 	 -202	 65335 	 -518
26088 	 68505 	 0 	 0 	 0 	 0 	 -774 	 -517 	 -201	 65336 	 -518
26089 	 68505 	 0 	 0 	 0 	 0 	 -781 	 -517 	 -186	 65337 	 -517
26091 	 68506 	 0 	 0 	 0 	 1 	 -781 	 -516 	 -184	 65337 	 -517
26092 	 68506 	 0 	 0 	 0 	 1 	 -781 	 -516 	 -241	 65337 	 -517
26093 	 68506 	 0 	 0 	 0 	 1 	 -781 	 -516 	 -231	 65339 	 -517
26094 	 68506 	 0 	 0 	 0 	 1 	 -781 	 -516 	 -181	 65341 	 -517
26095 	 68505 	 0 	 0 	 0 	 0 	 -774 	 -517 	 -181	 65343 	 -516
26098 	 68505 	 0 	 0 	 0 	 0 	 -781 	 -517 	 -189	 65346 	 -516
26099 	 68505 	 0 	 0 	 0 	 0 	 -787 	 -517 	 -185	 65347 	 -516
26100 	 68505 	 0 	 0 	 0 	 0 	 -781 	 -517 	 -136	 65347 	 -516
26101 	 68505 	 0 	 0 	 0 	 0 	 -774 	 -517 	 -136	 65347 	 -516
26101 	 68505 	 0 	 0 	 0 	 0 	 -774 	 -517 	 -136	 65347 	 -516
26103 	 68507 	 0 	 0 	 0 	 4 	 -787 	 -513 	 -186	 65346 	 -517
26104 	 68507 	 0 	 0 	 0 	 4 	 -787 	 -513 	 -197	 65347 	 -517
26106 	 68508 	 0 	 0 	 0 	 6 	 -801 	 -511 	 -243	 65352 	 -517
26106 	 68508 	 0 	 0 	 0 	 6 	 -801 	 -511 	 -243	 65352 	 -517
26107 	 68507 	 0 	 0 	 0 	 4 	 -787 	 -513 	 -189	 65352 	 -517
26109 	 68507 	 0 	 0 	 0 	 0 	 -794 	 -517 	 -155	 65354 	 -517
26109 	 68507 	 0 	 0 	 0 	 0 	 -794 	 -517 	 -155	 65354 	 -517
26112 	 68507 	 0 	 0 	 0 	 0 	 -787 	 -517 	 -144	 65360 	 -516
26113 	 68506 	 0 	 0 	 0 	 -1 	 -774 	 -517 	 -136	 65360 	 -516
26114 	 68506 	 0 	 0 	 0 	 -1 	 -774 	 -517 	 -194	 65359 	 -516
26114 	 68506 	 0 	 0 	 0 	 -1 	 -774 	 -517 	 -194	 65359 	 -516
26115 	 68505 	 0 	 0 	 0 	 -3 	 -774 	 -519 	 -220	 65356 	 -517
26117 	 68505 	 0 	 0 	 0 	 -3 	 -781 	 -519 	 -215	 65354 	 -517
26117 	 68505 	 0 	 0 	 0 	 -3 	 -781 	 -519 	 -215	 65354 	 -517
26118 	 68505 	 0 	 0 	 0 	 -3 	 -781 	 -519 	 -177	 65354 	 -517
26119 	 68505 	 0 	 0 	 0 	 0 	 -511 	 -517 	 -190	 65351 	 -517
26121 	 68506 	 0 	 0 	 0 	 1 	 -781 	 -516 	 -165	 65353 	 -513
26122 	 68507 	 0 	 0 	 0 	 4 	 -794 	 -513 	 -198	 65354 	 -513
26124 	 68506 	 0 	 0 	 0 	 1 	 -787 	 -516 	 -219	 65360 	 -513
26125 	 68506 	 0 	 0 	 0 	 1 	 -787 	 -516 	 -219	 65363 	 -511
26126 	 68506 	 0 	 0 	 0 	 1 	 -787 	 -516 	 -213	 65362 	 -513
26128 	 68506 	 0 	 0 	 0 	 -1 	 -781 	 -517 	 -188	 65359 	 -517
26129 	 68506 	 0 	 0 	 0 	 -1 	 -787 	 -517 	 -250	 65362 	 -517
26130 	 68506 	 0 	 0 	 0 	 0 	 -794 	 -517 	 -195	 65363 	 -517
26131 	 68506 	 0 	 0 	 0 	 0 	 -787 	 -517 	 -148	 65364 	 -517
26132 	 68504 	 0 	 0 	 0 	 -2 	 -781 	 -518 	 -148	 65363 	 -517
26133 	 68504 	 0 	 0 	 0 	 0 	 -781 	 -517 	 -198	 65359 	 -519
26134 	 68504 	 0 	 0 	 0 	 -2 	 -781 	 -518 	 -230	 65359 	 -519
26134 	 68504 	 0 	 0 	 0 	 -2 	 -781 	 -518 	 -230	 65359 	 -519
26137 	 68506 	 0 	 0 	 0 	 0 	 -801 	 -517 	 -201	 65361 	 -519
26138 	 68506 	 0 	 0 	 0 	 3 	 -794 	 -514 	 -213	 65362 	 -519
26138 	 68506 	 0 	 0 	 0 	 3 	 -794 	 -514 	 -213	 65362 	 -519
26140 	 68505 	 0 	 0 	 0 	 1 	 -794 	 -516 	 -140	 65366 	 -516
26142 	 68506 	 0 	 0 	 0 	 1 	 -794 	 -516 	 -191	 65373 	 -513
26143 	 68506 	 0 	 0 	 0 	 0 	 -794 	 -517 	 -191	 65372 	 -516
26143 	 68506 	 0 	 0 	 0 	 0 	 -794 	 -517 	 -191	 65372 	 -516
26144 	 68506 	 0 	 0 	 0 	 0 	 -801 	 -517 	 -171	 65374 	 -516
26145 	 68506 	 0 	 0 	 0 	 1 	 -794 	 -516 	 -140	 65375 	 -517
26146 	 68506 	 0 	 0 	 0 	 1 	 -794 	 -516 	 -148	 65376 	 -517
26147 	 68506 	 0 	 0 	 0 	 1 	 -801 	 -516 	 -148	 65377 	 -517
26149 	 68506 	 0 	 0 	 0 	 0 	 -787 	 -517 	 -151	 65378 	 -517
26150 	 68506 	 0 	 0 	 0 	 0 	 -787 	 -517 	 -161	 65378 	 -517
26151 	 68506 	 0 	 0 	 0 	 0 	 -787 	 -517 	 -161	 65377 	 -517
26153 	 68507 	 0 	 0 	 0 	 2 	 -794 	 -515 	 -186	 65376 	 -518
26154 	 68506 	 0 	 0 	 0 	 0 	 -794 	 -517 	 -132	 65376 	 -518
26155 	 68505 	 0 	 0 	 0 	 0 	 -774 	 -517 	 -132	 65378 	 -514
26156 	 68505 	 0 	 0 	 0 	 0 	 -787 	 -517 	 -185	 65378 	 -514
26157 	 68505 	 0 	 0 	 0 	 0 	 -807 	 -517 	 -248	 65379 	 -514
26158 	 68505 	 0 	 0 	 0 	 -3 	 -787 	 -519 	 -214	 65377 	 -516
26159 	 68505 	 0 	 0 	 0 	 -3 	 -787 	 -519 	 -214	 65376 	 -517
26162 	 68505 	 0 	 0 	 0 	 0 	 -794 	 -517 	 -154	 65378 	 -517
26163 	 68506 	 0 	 0 	 0 	 1 	 -807 	 -516 	 -144	 65380 	 -517
26164 	 68505 	 0 	 0 	 0 	 0 	 -794 	 -517 	 -144	 65382 	 -516
26165 	 68506 	 0 	 0 	 0 	 1 	 -787 	 -516 	 -189	 65383 	 -516
26166 	 68507 	 0 	 0 	 0 	 4 	 -807 	 -513 	 -189	 65386 	 -516
26167 	 68507 	 0 	 0 	 0 	 4 	 -807 	 -513 	 -173	 65385 	 -517
26168 	 68507 	 0 	 0 	 0 	 4 	 -807 	 -513 	 -202	 65388 	 -517
26169 	 68506 	 0 	 0 	 0 	 0 	 -801 	 -517 	 -181	 65390 	 -517
26170 	 68506 	 0 	 0 	 0 	 1 	 -794 	 -516 	 -192	 65391 	 -517
26171 	 68506 	 0 	 0 	 0 	 0 	 -787 	 -517 	 -192	 65392 	 -517
26172 	 68506 	 0 	 0 	 0 	 -1 	 -794 	 -517 	 -140	 65393 	 -517
26175 	 68505 	 0 	 0 	 0 	 0 	 -774 	 -517 	 -133	 65388 	 -517
26176 	 68505 	 0 	 0 	 0 	 0 	 -774 	 -517 	 -133	 65385 	 -517
26177 	 68505 	 0 	 0 	 0 	 0 	 -781 	 -517 	 -136	 65382 	 -517
26178 	 68505 	 0 	 0 	 0 	 0 	 -794 	 -517 	 -136	 65379 	 -519
26179 	 68505 	 0 	 0 	 0 	 0 	 -794 	 -517 	 -165	 65381 	 -517
26180 	 68504 	 0 	 0 	 0 	 0 	 -794 	 -517 	 -169	 65381 	 -517
26181 	 68505 	 0 	 0 	 0 	 0 	 -801 	 -517 	 -231	 65384 	 -516
26182 	 68505 	 0 	 0 	 0 	 0 	 -807 	 -517 	 -231	 65386 	 -516
26183 	 68506 	 0 	 0 	 0 	 1 	 -814 	 -516 	 -140	 65392 	 -513
26184 	 68506 	 0 	 0 	 0 	 1 	 -807 	 -516 	 -144	 65397 	 -513
26185 	 68506 	 0 	 0 	 0 	 1 	 -794 	 -516 	 -175	 65400 	 -513
26185 	 68506 	 0 	 0 	 0 	 1 	 -794 	 -516 	 -175	 65400 	 -513
26188 	 68506 	 0 	 0 	 0 	 1 	 -801 	 -516 	 -129	 65404 	 -517
26189 	 68506 	 0 	 0 	 0 	 0 	 -807 	 -517 	 -99	 65407 	 -516
26189 	 68506 	 0 	 0 	 0 	 0 	 -807 	 -517 	 -99	 65407 	 -516
26191 	 68506 	 0 	 0 	 0 	 0 	 -807 	 -517 	 -135	 65411 	 -517
26192 	 68506 	 0 	 0 	 0 	 0 	 -807 	 -517 	 -103	 65412 	 -517
26194 	 68506 	 0 	 0 	 0 	 0 	 -801 	 -517 	 -118	 65412 	 -517
26194 	 68506 	 0 	 0 	 0 	 0 	 -801 	 -517 	 -118	 65412 	 -517
26195 	 68506 	 0 	 0 	 0 	 0 	 -801 	 -517 	 -106	 65413 	 -517
26196 	 68505 	 0 	 0 	 0 	 0 	 -794 	 -517 	 -111	 65413 	 -517
26197 	 68505 	 0 	 0 	 0 	 0 	 -787 	 -517 	 -126	 65412 	 -517
26198 	 68505 	 0 	 0 	 0 	 0 	 -787 	 -517 	 -126	 65411 	 -517
26200 	 68504 	 0 	 0 	 0 	 -2 	 -781 	 -518 	 -112	 65406 	 -517
26201 	 68504 	 0 	 0 	 0 	 -2 	 -787 	 -518 	 -210	 65405 	 -517
26202 	 68504 	 0 	 0 	 0 	 0 	 -781 	 -517 	 -210	 65404 	 -516
26204 	 68505 	 0 	 0 	 0 	 0 	 -801 	 -517 	 -167	 65405 	 -516
26205 	 68504 	 0 	 0 	 0 	 0 	 -787 	 -517 	 -172	 65404 	 -516
26205 	 68504 	 0 	 0 	 0 	 0 	 -787 	 -517 	 -172	 65404 	 -516
26207 	 68504 	 0 	 0 	 0 	 0 	 -781 	 -517 	 -134	 65402 	 -517
26208 	 68504 	 0 	 0 	 0 	 0 	 -794 	 -517 	 -131	 65403 	 -517
26209 	 68505 	 0 	 0 	 0 	 0 	 -794 	 -517 	 -175	 65404 	 -517
26211 	 68506 	 0 	 0 	 0 	 3 	 -794 	 -514 	 -181	 65407 	 -517
26213 	 68506 	 0 	 0 	 0 	 3 	 -794 	 -514 	 -205	 65410 	 -517
26214 	 68507 	 0 	 0 	 0 	 6 	 -794 	 -511 	 -169	 65409 	 -517
26215 	 68507 	 0 	 0 	 0 	 4 	 -807 	 -513 	 -169	 65412 	 -517
26216 	 68507 	 0 	 0 	 0 	 2 	 -807 	 -515 	 -132	 65415 	 -517
26217 	 68507 	 0 	 0 	 0 	 2 	 -801 	 -515 	 -111	 65417 	 -517
26218 	 68507 	 0 	 0 	 0 	 2 	 -801 	 -515 	 -119	 65419 	 -517
26219 	 68506 	 0 	 0 	 0 	 0 	 -801 	 -517 	 -119	 65419 	 -518
26220 	 68506 	 0 	 0 	 0 	 -1 	 -801 	 -517 	 -194	 65420 	 -518
26221 	 68506 	 0 	 0 	 0 	 -1 	 -807 	 -517 	 -193	 65423 	 -517
26222 	 68506 	 0 	 0 	 0 	 -1 	 -814 	 -517 	 -158	 65425 	 -517
26223 	 68506 	 0 	 0 	 0 	 -1 	 -821 	 -517 	 -158	 65429 	 -517
26226 	 68505 	 0 	 0 	 0 	 0 	 -794 	 -517 	 -157	 65431 	 -517
26227 	 68505 	 0 	 0 	 0 	 0 	 -794 	 -517 	 -157	 65431 	 -517
26228 	 68506 	 0 	 0 	 0 	 0 	 -807 	 -517 	 -120	 65433 	 -517
26229 	 68507 	 0 	 0 	 0 	 2 	 -807 	 -515 	 -102	 65434 	 -517
26230 	 68506 	 0 	 0 	 0 	 0 	 -794 	 -517 	 -98	 65438 	 -514
26231 	 68507 	 0 	 0 	 0 	 4 	 -807 	 -513 	 -98	 65441 	 -511
26232 	 68506 	 0 	 0 	 0 	 1 	 -814 	 -516 	 -104	 65440 	 -513
26233 	 68508 	 0 	 0 	 0 	 6 	 -821 	 -511 	 -137	 65441 	 -513
26234 	 68508 	 0 	 0 	 0 	 4 	 -821 	 -513 	 -150	 65441 	 -515
26235 	 68508 	 0 	 0 	 0 	 1 	 -821 	 -516 	 -177	 65444 	 -515
26236 	 68507 	 0 	 0 	 0 	 2 	 -814 	 -515 	 -177	 65445 	 -517
26239 	 68508 	 0 	 0 	 0 	 0 	 -814 	 -517 	 -191	 65452 	 -517
26240 	 68507 	 0 	 0 	 0 	 0 	 -814 	 -517 	 -191	 65455 	 -517
26241 	 68507 	 0 	 0 	 0 	 0 	 -814 	 -517 	 -126	 65457 	 -517
26242 	 68506 	 0 	 0 	 0 	 -1 	 -807 	 -517 	 -126	 65457 	 -517
26242 	 68506 	 0 	 0 	 0 	 -1 	 -807 	 -517 	 -126	 65457 	 -517
26243 	 68506 	 0 	 0 	 0 	 -1 	 -814 	 -517 	 -161	 65457 	 -517
26245 	 68506 	 0 	 0 	 0 	 -3 	 -807 	 -519 	 -82	 65457 	 -517
26246 	 68506 	 0 	 0 	 0 	 -1 	 -814 	 -517 	 -82	 65460 	 -515
26246 	 68506 	 0 	 0 	 0 	 -1 	 -814 	 -517 	 -82	 65460 	 -515
26247 	 68506 	 0 	 0 	 0 	 -1 	 -814 	 -517 	 -73	 65459 	 -517
26249 	 68508 	 0 	 0 	 0 	 4 	 -814 	 -513 	 -95	 65464 	 -513
26249 	 68508 	 0 	 0 	 0 	 4 	 -814 	 -513 	 -95	 65464 	 -513
26252 	 68507 	 0 	 0 	 0 	 2 	 -807 	 -515 	 -67	 65466 	 -511
26252 	 68507 	 0 	 0 	 0 	 2 	 -807 	 -515 	 -67	 65466 	 -511
26253 	 68505 	 0 	 0 	 0 	 0 	 -801 	 -517 	 -60	 65464 	 -513
26253 	 68505 	 0 	 0 	 0 	 0 	 -801 	 -517 	 -60	 65464 	 -513
26255 	 68505 	 0 	 0 	 0 	 -5 	 -807 	 -521 	 -118	 65463 	 -515
26255 	 68505 	 0 	 0 	 0 	 -5 	 -807 	 -521 	 -118	 65463 	 -515
26256 	 68504 	 0 	 0 	 0 	 -5 	 -801 	 -521 	 -69	 65461 	 -517
26256 	 68504 	 0 	 0 	 0 	 -5 	 -801 	 -521 	 -69	 65461 	 -517
26258 	 68504 	 0 	 0 	 0 	 -5 	 -801 	 -521 	 -118	 65460 	 -517
26259 	 68504 	 0 	 0 	 0 	 0 	 -807 	 -517 	 -111	 65460 	 -517
26261 	 68504 	 0 	 0 	 0 	 0 	 -801 	 -517 	 -120	 65462 	 -517
26262 	 68505 	 0 	 0 	 0 	 1 	 -794 	 -516 	 -120	 65459 	 -519
26265 	 68505 	 0 	 0 	 0 	 1 	 -794 	 -516 	 -83	 65460 	 -517
26266 	 68505 	 0 	 0 	 0 	 1 	 -807 	 -516 	 -93	 65461 	 -517
26266 	 68505 	 0 	 0 	 0 	 1 	 -807 	 -516 	 -93	 65461 	 -517
26267 	 68505 	 0 	 0 	 0 	 1 	 -807 	 -516 	 -66	 65462 	 -517
26269 	 68505 	 0 	 0 	 0 	 0 	 -801 	 -517 	 -39	 65467 	 -513
26271 	 68505 	 0 	 0 	 0 	 0 	 -814 	 -517 	 -10	 65468 	 -515
26272 	 68505 	 0 	 0 	 0 	 0 	 -814 	 -517 	 -28	 65469 	 -517
26273 	 68505 	 0 	 0 	 0 	 0 	 -821 	 -517 	 -24	 65472 	 -517
26275 	 68504 	 0 	 0 	 0 	 0 	 -801 	 -517 	 -30	 65473 	 -521
26277 	 68504 	 0 	 0 	 0 	 0 	 -801 	 -517 	 -120	 65474 	 -521
26278 	 68504 	 0 	 0 	 0 	 0 	 -807 	 -517 	 -132	 65475 	 -521
26279 	 68504 	 0 	 0 	 0 	 0 	 -794 	 -517 	 -132	 65475 	 -521
26280 	 68504 	 0 	 0 	 0 	 0 	 -801 	 -517 	 -84	 65475 	 -521
26281 	 68505 	 0 	 0 	 0 	 1 	 -794 	 -516 	 -30	 65478 	 -517
26282 	 68505 	 0 	 0 	 0 	 1 	 -794 	 -516 	 -30	 65478 	 -516
26283 	 68505 	 0 	 0 	 0 	 1 	 -807 	 -516 	 -51	 65477 	 -516
26284 	 68505 	 0 	 0 	 0 	 1 	 -801 	 -516 	 -61	 65477 	 -516
26285 	 68506 	 0 	 0 	 0 	 3 	 -801 	 -514 	 -65	 65477 	 -516
26286 	 68506 	 0 	 0 	 0 	 3 	 -807 	 -514 	 -44	 65479 	 -516
26287 	 68506 	 0 	 0 	 0 	 1 	 -807 	 -516 	 -44	 65479 	 -517
26290 	 68506 	 0 	 0 	 0 	 1 	 -827 	 -516 	 -33	 65486 	 -517
26290 	 68506 	 0 	 0 	 0 	 1 	 -827 	 -516 	 -33	 65486 	 -517
26291 	 68506 	 0 	 0 	 0 	 0 	 -827 	 -517 	 -33	 65490 	 -517
26293 	 68505 	 0 	 0 	 0 	 0 	 -814 	 -517 	 -33	 65496 	 -517
26294 	 68504 	 0 	 0 	 0 	 -2 	 -794 	 -518 	 -46	 65496 	 -517
26295 	 68504 	 0 	 0 	 0 	 -2 	 -787 	 -518 	 -92	 65496 	 -517
26296 	 68502 	 0 	 0 	 0 	 -4 	 -794 	 -520 	 -95	 65496 	 -517
26297 	 68504 	 0 	 0 	 0 	 -2 	 -807 	 -518 	 -95	 65496 	 -517
26298 	 68505 	 0 	 0 	 0 	 0 	 -807 	 -517 	 -75	 65498 	 -516
26299 	 68505 	 0 	 0 	 0 	 0 	 -821 	 -517 	 -133	 65500 	 -516
26300 	 68506 	 0 	 0 	 0 	 3 	 -827 	 -514 	 -38	 65501 	 -516
26303 	 68505 	 0 	 0 	 0 	 1 	 -801 	 -516 	 -84	 65501 	 -516
26304 	 68506 	 0 	 0 	 0 	 1 	 -807 	 -516 	 -10	 65503 	 -516
26305 	 68506 	 0 	 0 	 0 	 1 	 -801 	 -516 	 -10	 65507 	 -514
26306 	 68506 	 0 	 0 	 0 	 0 	 -801 	 -517 	 -47	 65507 	 -516
26307 	 68505 	 0 	 0 	 0 	 0 	 -794 	 -517 	 -78	 65507 	 -516
26308 	 68505 	 0 	 0 	 0 	 0 	 -807 	 -517 	 -78	 65507 	 -516
26309 	 68505 	 0 	 0 	 0 	 0 	 -801 	 -517 	 -41	 65505 	 -517
26310 	 68504 	 0 	 0 	 0 	 -2 	 -794 	 -518 	 14	 65503 	 -517
26311 	 68504 	 0 	 0 	 0 	 -2 	 -794 	 -518 	 -44	 65501 	 -517
26312 	 68504 	 0 	 0 	 0 	 -2 	 -794 	 -518 	 -89	 65498 	 -518
26313 	 68504 	 0 	 0 	 0 	 0 	 -801 	 -517 	 -89	 65499 	 -518
26316 	 68505 	 0 	 0 	 0 	 1 	 -821 	 -516 	 -19	 65503 	 -520
26317 	 68505 	 0 	 0 	 0 	 1 	 -814 	 -516 	 -19	 65508 	 -518
26318 	 68505 	 0 	 0 	 0 	 1 	 -807 	 -516 	 -24	 65510 	 -517
26319 	 68505 	 0 	 0 	 0 	 1 	 -821 	 -516 	 -17	 65516 	 -514
26320 	 68505 	 0 	 0 	 0 	 0 	 -821 	 -517 	 -31	 65519 	 -514
26321 	 68505 	 0 	 0 	 0 	 0 	 -807 	 -517 	 -31	 65520 	 -516
26322 	 68505 	 0 	 0 	 0 	 0 	 -807 	 -517 	 16	 65522 	 -516
26323 	 68504 	 0 	 0 	 0 	 0 	 -807 	 -517 	 -15	 65523 	 -516
26324 	 68502 	 0 	 0 	 0 	 -2 	 -787 	 -518 	 -53	 65521 	 -517
26325 	 68502 	 0 	 0 	 0 	 -2 	 -794 	 -518 	 -114	 65520 	 -517
26326 	 68502 	 0 	 0 	 0 	 -2 	 -794 	 -518 	 -114	 65518 	 -517
26329 	 68504 	 0 	 0 	 0 	 0 	 -794 	 -517 	 -17	 65515 	 -517
26330 	 68505 	 0 	 0 	 0 	 3 	 -794 	 -514 	 -17	 65512 	 -518
26331 	 68505 	 0 	 0 	 0 	 3 	 -794 	 -514 	 -94	 65512 	 -518
26332 	 68505 	 0 	 0 	 0 	 3 	 -787 	 -514 	 -94	 65511 	 -517
26333 	 68505 	 0 	 0 	 0 	 3 	 -774 	 -514 	 -97	 65509 	 -516
26334 	 68504 	 0 	 0 	 0 	 0 	 -781 	 -517 	 -102	 65509 	 -516
26335 	 68504 	 0 	 0 	 0 	 0 	 -781 	 -517 	 -53	 65508 	 -516
26336 	 68504 	 0 	 0 	 0 	 0 	 -787 	 -517 	 -53	 65508 	 -516
26337 	 68505 	 0 	 0 	 0 	 0 	 -794 	 -517 	 -70	 65507 	 -517
26338 	 68505 	 0 	 0 	 0 	 0 	 -801 	 -517 	 -145	 65507 	 -517
26339 	 68505 	 0 	 0 	 0 	 0 	 -807 	 -517 	 10	 65509 	 -517
26339 	 68505 	 0 	 0 	 0 	 0 	 -807 	 -517 	 10	 65509 	 -517
26342 	 68505 	 0 	 0 	 0 	 1 	 -807 	 -516 	 -30	 65515 	 -517
26344 	 68504 	 0 	 0 	 0 	 0 	 -787 	 -517 	 -49	 65517 	 -518
26344 	 68504 	 0 	 0 	 0 	 0 	 -787 	 -517 	 -49	 65517 	 -518
26345 	 68504 	 0 	 0 	 0 	 0 	 -787 	 -517 	 -83	 65518 	 -518
26346 	 68504 	 0 	 0 	 0 	 0 	 -794 	 -517 	 -129	 65521 	 -517
26348 	 68504 	 0 	 0 	 0 	 0 	 -807 	 -517 	 -99	 65526 	 -514
26348 	 68504 	 0 	 0 	 0 	 0 	 -807 	 -517 	 -99	 65526 	 -514
26349 	 68505 	 0 	 0 	 0 	 1 	 -801 	 -516 	 -84	 65526 	 -514
26349 	 68505 	 0 	 0 	 0 	 1 	 -801 	 -516 	 -84	 65526 	 -514
26350 	 68505 	 0 	 0 	 0 	 1 	 -794 	 -516 	 -75	 65526 	 -514
26352 	 68506 	 0 	 0 	 0 	 3 	 -807 	 -514 	 -38	 65524 	 -517
26354 	 68505 	 0 	 0 	 0 	 1 	 -807 	 -516 	 -83	 65529 	 -517
26355 	 68505 	 0 	 0 	 0 	 0 	 -807 	 -517 	 -15	 65531 	 -517
26356 	 68505 	 0 	 0 	 0 	 0 	 -801 	 -517 	 -15	 65533 	 -517
26357 	 68505 	 0 	 0 	 0 	 0 	 -807 	 -517 	 -5	 65534 	 -517
26358 	 68505 	 0 	 0 	 0 	 0 	 -807 	 -517 	 10	 65535 	 -517
26359 	 68505 	 0 	 0 	 0 	 0 	 -807 	 -517 	 10	 0 	 -517
26361 	 68506 	 0 	 0 	 0 	 1 	 -814 	 -516 	 103	 3 	 -517
26362 	 68506 	 0 	 0 	 0 	 1 	 -821 	 -516 	 -71	 5 	 -517
26363 	 68505 	 0 	 0 	 0 	 0 	 -801 	 -517 	 -86	 6 	 -517
26365 	 68505 	 0 	 0 	 0 	 0 	 -801 	 -517 	 -89	 7 	 -517
26367 	 68504 	 0 	 0 	 0 	 -2 	 -801 	 -518 	 -65	 8 	 -517
26368 	 68504 	 0 	 0 	 0 	 -2 	 -794 	 -518 	 -51	 8 	 -517
26369 	 68504 	 0 	 0 	 0 	 0 	 -794 	 -517 	 -51	 8 	 -516
26370 	 68504 	 0 	 0 	 0 	 0 	 -801 	 -517 	 -96	 9 	 -516
26371 	 68504 	 0 	 0 	 0 	 0 	 -801 	 -517 	 -83	 8 	 -516
26372 	 68502 	 0 	 0 	 0 	 -2 	 -807 	 -518 	 -83	 7 	 -516
26373 	 68502 	 0 	 0 	 0 	 0 	 -794 	 -517 	 -51	 7 	 -516
26374 	 68504 	 0 	 0 	 0 	 0 	 -807 	 -517 	 -72	 7 	 -517
26375 	 68504 	 0 	 0 	 0 	 0 	 -814 	 -517 	 -55	 9 	 -517
26376 	 68504 	 0 	 0 	 0 	 0 	 -807 	 -517 	 -55	 10 	 -517
26378 	 68504 	 0 	 0 	 0 	 1 	 -794 	 -516 	 -100	 13 	 -517
26380 	 68504 	 0 	 0 	 0 	 0 	 -814 	 -517 	 -109	 16 	 -517
26381 	 68502 	 0 	 0 	 0 	 0 	 -814 	 -517 	 -92	 19 	 -516
26382 	 68502 	 0 	 0 	 0 	 0 	 -807 	 -517 	 -88	 20 	 -516
26383 	 68504 	 0 	 0 	 0 	 0 	 -814 	 -517 	 -88	 22 	 -517
26384 	 68504 	 0 	 0 	 0 	 0 	 -801 	 -517 	 -14	 22 	 -517
26385 	 68502 	 0 	 0 	 0 	 0 	 -801 	 -517 	 -64	 21 	 -518
26386 	 68501 	 0 	 0 	 0 	 -2 	 -787 	 -518 	 -27	 19 	 -518
26387 	 68501 	 0 	 0 	 0 	 0 	 -787 	 -517 	 -27	 19 	 -517
26388 	 68501 	 0 	 0 	 0 	 0 	 -781 	 -517 	 -23	 19 	 -517
26389 	 68502 	 0 	 0 	 0 	 0 	 -787 	 -517 	 -17	 18 	 -517
26390 	 68502 	 0 	 0 	 0 	 0 	 -801 	 -517 	 -38	 16 	 -518
26390 	 68502 	 0 	 0 	 0 	 0 	 -801 	 -517 	 -38	 16 	 -518
26393 	 68502 	 0 	 0 	 0 	 1 	 -781 	 -516 	 -113	 11 	 -517
26393 	 68502 	 0 	 0 	 0 	 1 	 -781 	 -516 	 -113	 11 	 -517
26395 	 68502 	 0 	 0 	 0 	 0 	 -787 	 -517 	 -77	 9 	 -517
26396 	 68504 	 0 	 0 	 0 	 1 	 -801 	 -516 	 -87	 11 	 -516
26397 	 68502 	 0 	 0 	 0 	 0 	 -787 	 -517 	 -64	 11 	 -517
26399 	 68502 	 0 	 0 	 0 	 0 	 -787 	 -517 	 -100	 14 	 -517
26399 	 68502 	 0 	 0 	 0 	 0 	 -787 	 -517 	 -100	 14 	 -517
26400 	 68502 	 0 	 0 	 0 	 0 	 -794 	 -517 	 -96	 13 	 -517
26400 	 68502 	 0 	 0 	 0 	 0 	 -794 	 -517 	 -96	 13 	 -517
26401 	 68504 	 0 	 0 	 0 	 1 	 -794 	 -516 	 -110	 14 	 -517
26403 	 68502 	 0 	 0 	 0 	 0 	 -794 	 -517 	 -63	 17 	 -518
26406 	 68502 	 0 	 0 	 0 	 0 	 -794 	 -517 	 -7	 19 	 -517
26407 	 68502 	 0 	 0 	 0 	 0 	 -801 	 -517 	 -15	 21 	 -517
26408 	 68502 	 0 	 0 	 0 	 0 	 -794 	 -517 	 -82	 21 	 -517
26408 	 68502 	 0 	 0 	 0 	 0 	 -794 	 -517 	 -82	 21 	 -517
26409 	 68502 	 0 	 0 	 0 	 0 	 -801 	 -517 	 -87	 23 	 -517
26411 	 68502 	 0 	 0 	 0 	 1 	 -814 	 -516 	 -113	 28 	 -516
26412 	 68502 	 0 	 0 	 0 	 0 	 -807 	 -517 	 -89	 29 	 -516
26413 	 68501 	 0 	 0 	 0 	 0 	 -801 	 -517 	 -108	 29 	 -517
26414 	 68502 	 0 	 0 	 0 	 0 	 -801 	 -517 	 -55	 31 	 -517
26415 	 68504 	 0 	 0 	 0 	 1 	 -794 	 -516 	 -55	 33 	 -517
26418 	 68504 	 0 	 0 	 0 	 1 	 -787 	 -516 	 -76	 32 	 -517
26419 	 68502 	 0 	 0 	 0 	 1 	 -774 	 -516 	 -11	 30 	 -517
26420 	 68502 	 0 	 0 	 0 	 0 	 -787 	 -517 	 -11	 29 	 -517
26421 	 68502 	 0 	 0 	 0 	 0 	 -794 	 -517 	 -80	 28 	 -517
26422 	 68502 	 0 	 0 	 0 	 0 	 -787 	 -517 	 -83	 27 	 -516
26423 	 68502 	 0 	 0 	 0 	 0 	 -787 	 -517 	 -83	 25 	 -517
26424 	 68504 	 0 	 0 	 0 	 0 	 -801 	 -517 	 -88	 26 	 -517
26425 	 68504 	 0 	 0 	 0 	 1 	 -801 	 -516 	 -68	 27 	 -517
26426 	 68504 	 0 	 0 	 0 	 1 	 -794 	 -516 	 -113	 27 	 -517
26427 	 68502 	 0 	 0 	 0 	 0 	 -787 	 -517 	 -113	 28 	 -517
26429 	 68502 	 0 	 0 	 0 	 0 	 -787 	 -517 	 -82	 30 	 -516
26431 	 68500 	 0 	 0 	 0 	 -4 	 -774 	 -520 	 -37	 28 	 -516
26432 	 68500 	 0 	 0 	 0 	 -4 	 -511 	 -520 	 -45	 25 	 -517
26433 	 68501 	 0 	 0 	 0 	 0 	 -781 	 -517 	 -30	 25 	 -517
26434 	 68502 	 0 	 0 	 0 	 0 	 -787 	 -517 	 -30	 25 	 -516
26435 	 68504 	 0 	 0 	 0 	 1 	 -787 	 -516 	 -51	 24 	 -516
26436 	 68504 	 0 	 0 	 0 	 3 	 -787 	 -514 	 -31	 23 	 -516
26437 	 68504 	 0 	 0 	 0 	 5 	 -801 	 -512 	 -89	 25 	 -516
26438 	 68504 	 0 	 0 	 0 	 5 	 -807 	 -512 	 -89	 27 	 -517
26439 	 68504 	 0 	 0 	 0 	 3 	 -801 	 -514 	 -88	 28 	 -517
26440 	 68504 	 0 	 0 	 0 	 1 	 -807 	 -516 	 -79	 32 	 -517
26441 	 68504 	 0 	 0 	 0 	 0 	 -801 	 -517 	 -121	 35 	 -517
26441 	 68504 	 0 	 0 	 0 	 0 	 -801 	 -517 	 -121	 35 	 -517
26444 	 68502 	 0 	 0 	 0 	 0 	 -794 	 -517 	 -62	 39 	 -516
26444 	 68502 	 0 	 0 	 0 	 0 	 -794 	 -517 	 -62	 39 	 -516
26446 	 68501 	 0 	 0 	 0 	 -2 	 -781 	 -518 	 -29	 40 	 -517
26447 	 68501 	 0 	 0 	 0 	 -2 	 -787 	 -518 	 -39	 39 	 -517
26448 	 68500 	 0 	 0 	 0 	 0 	 -774 	 -517 	 -24	 33 	 -520
26450 	 68501 	 0 	 0 	 0 	 0 	 -787 	 -517 	 -19	 33 	 -517
26450 	 68501 	 0 	 0 	 0 	 0 	 -787 	 -517 	 -19	 33 	 -517
26451 	 68502 	 0 	 0 	 0 	 0 	 -787 	 -517 	 -42	 32 	 -517
26451 	 68502 	 0 	 0 	 0 	 0 	 -787 	 -517 	 -42	 32 	 -517
26452 	 68502 	 0 	 0 	 0 	 1 	 -787 	 -516 	 -19	 35 	 -516
26454 	 68502 	 0 	 0 	 0 	 3 	 -787 	 -514 	 -101	 40 	 -512
26454 	 68502 	 0 	 0 	 0 	 3 	 -787 	 -514 	 -101	 40 	 -512
26457 	 68502 	 0 	 0 	 0 	 0 	 -781 	 -517 	 17	 39 	 -512
26457 	 68502 	 0 	 0 	 0 	 0 	 -781 	 -517 	 17	 39 	 -512
26458 	 68502 	 0 	 0 	 0 	 0 	 -511 	 -517 	 -22	 36 	 -514
26458 	 68502 	 0 	 0 	 0 	 0 	 -511 	 -517 	 -22	 36 	 -514
26460 	 68502 	 0 	 0 	 0 	 0 	 -511 	 -517 	 -109	 30 	 -517
26461 	 68501 	 0 	 0 	 0 	 0 	 -774 	 -517 	 -40	 29 	 -517
26461 	 68501 	 0 	 0 	 0 	 0 	 -774 	 -517 	 -40	 29 	 -517
26463 	 68501 	 0 	 0 	 0 	 0 	 -781 	 -517 	 -36	 27 	 -517
26464 	 68502 	 0 	 0 	 0 	 0 	 -787 	 -517 	 -75	 26 	 -518
26466 	 68505 	 0 	 0 	 0 	 3 	 -807 	 -514 	 -92	 30 	 -518
26467 	 68504 	 0 	 0 	 0 	 3 	 -801 	 -514 	 -92	 33 	 -517
26469 	 68502 	 0 	 0 	 0 	 1 	 -794 	 -516 	 -100	 41 	 -517
26471 	 68501 	 0 	 0 	 0 	 0 	 -781 	 -517 	 -6	 44 	 -517
26472 	 68500 	 0 	 0 	 0 	 -6 	 -774 	 -522 	 19	 44 	 -517
26473 	 68501 	 0 	 0 	 0 	 -2 	 -781 	 -518 	 -16	 46 	 -516
26474 	 68500 	 0 	 0 	 0 	 -4 	 -511 	 -520 	 -16	 46 	 -514
26476 	 68500 	 0 	 0 	 0 	 0 	 -781 	 -517 	 22	 38 	 -517
26477 	 68501 	 0 	 0 	 0 	 0 	 -787 	 -517 	 -60	 36 	 -517
26478 	 68501 	 0 	 0 	 0 	 1 	 -774 	 -516 	 -98	 33 	 -517
26480 	 68500 	 0 	 0 	 0 	 0 	 -511 	 -517 	 -80	 29 	 -517
26482 	 68501 	 0 	 0 	 0 	 1 	 -774 	 -516 	 -68	 27 	 -517
26483 	 68502 	 0 	 0 	 0 	 1 	 -787 	 -516 	 -68	 28 	 -517
26484 	 68502 	 0 	 0 	 0 	 1 	 -787 	 -516 	 -83	 30 	 -517
26485 	 68502 	 0 	 0 	 0 	 3 	 -787 	 -514 	 -83	 33 	 -517
26486 	 68502 	 0 	 0 	 0 	 3 	 -787 	 -514 	 -78	 36 	 -514
26487 	 68504 	 0 	 0 	 0 	 3 	 -794 	 -514 	 -97	 37 	 -514
26488 	 68505 	 0 	 0 	 0 	 5 	 -787 	 -512 	 -34	 39 	 -514
26489 	 68505 	 0 	 0 	 0 	 3 	 -781 	 -514 	 -33	 39 	 -516
26491 	 68504 	 0 	 0 	 0 	 1 	 -787 	 -516 	 -61	 38 	 -522
26491 	 68504 	 0 	 0 	 0 	 1 	 -787 	 -516 	 -61	 38 	 -522
26492 	 68502 	 0 	 0 	 0 	 0 	 -781 	 -517 	 4	 43 	 -518
26492 	 68502 	 0 	 0 	 0 	 0 	 -781 	 -517 	 4	 43 	 -518
26496 	 68502 	 0 	 0 	 0 	 -2 	 -787 	 -518 	 -68	 46 	 -517
26498 	 68504 	 0 	 0 	 0 	 1 	 -801 	 -516 	 -80	 48 	 -516
26498 	 68504 	 0 	 0 	 0 	 1 	 -801 	 -516 	 -80	 48 	 -516
26499 	 68504 	 0 	 0 	 0 	 1 	 -787 	 -516 	 -5	 48 	 -517
26500 	 68504 	 0 	 0 	 0 	 1 	 -787 	 -516 	 -24	 49 	 -516
26501 	 68502 	 0 	 0 	 0 	 0 	 -794 	 -517 	 -56	 50 	 -516
26501 	 68502 	 0 	 0 	 0 	 0 	 -794 	 -517 	 -56	 50 	 -516
26502 	 68502 	 0 	 0 	 0 	 0 	 -787 	 -517 	 -49	 51 	 -516
26503 	 68502 	 0 	 0 	 0 	 0 	 -794 	 -517 	 -77	 55 	 -514
26505 	 68504 	 0 	 0 	 0 	 0 	 -794 	 -517 	 -52	 57 	 -514
26506 	 68505 	 0 	 0 	 0 	 1 	 -807 	 -516 	 -76	 62 	 -512
26508 	 68505 	 0 	 0 	 0 	 3 	 -807 	 -514 	 -68	 66 	 -512
26509 	 68505 	 0 	 0 	 0 	 3 	 -807 	 -514 	 -68	 66 	 -514
26510 	 68505 	 0 	 0 	 0 	 1 	 -801 	 -516 	 -68	 67 	 -516
26512 	 68504 	 0 	 0 	 0 	 0 	 -814 	 -517 	 1	 72 	 -517
26513 	 68504 	 0 	 0 	 0 	 0 	 -807 	 -517 	 1	 73 	 -518
26514 	 68504 	 0 	 0 	 0 	 0 	 -807 	 -517 	 -13	 76 	 -516
26515 	 68504 	 0 	 0 	 0 	 0 	 -807 	 -517 	 -69	 79 	 -516
26516 	 68504 	 0 	 0 	 0 	 0 	 -807 	 -517 	 -24	 79 	 -516
26517 	 68504 	 0 	 0 	 0 	 0 	 -807 	 -517 	 -24	 80 	 -516
26518 	 68505 	 0 	 0 	 0 	 1 	 -814 	 -516 	 -25	 81 	 -517
26521 	 68504 	 0 	 0 	 0 	 0 	 -807 	 -517 	 20	 85 	 -517
26522 	 68501 	 0 	 0 	 0 	 -2 	 -807 	 -518 	 20	 85 	 -517
26523 	 68501 	 0 	 0 	 0 	 -2 	 -787 	 -518 	 52	 84 	 -517
26524 	 68502 	 0 	 0 	 0 	 -2 	 -794 	 -518 	 52	 84 	 -517
26525 	 68502 	 0 	 0 	 0 	 -2 	 -794 	 -518 	 21	 84 	 -516
26526 	 68502 	 0 	 0 	 0 	 -2 	 -787 	 -518 	 46	 85 	 -514
26527 	 68502 	 0 	 0 	 0 	 0 	 -787 	 -517 	 19	 84 	 -514
26528 	 68504 	 0 	 0 	 0 	 3 	 -794 	 -514 	 -24	 82 	 -514
26529 	 68504 	 0 	 0 	 0 	 3 	 -801 	 -514 	 -24	 79 	 -517
26530 	 68505 	 0 	 0 	 0 	 3 	 -814 	 -514 	 -31	 79 	 -517
26531 	 68505 	 0 	 0 	 0 	 3 	 -814 	 -514 	 45	 81 	 -517
26531 	 68505 	 0 	 0 	 0 	 3 	 -814 	 -514 	 45	 81 	 -517
26534 	 68506 	 0 	 0 	 0 	 3 	 -814 	 -514 	 5	 88 	 -517
26535 	 68505 	 0 	 0 	 0 	 1 	 -807 	 -516 	 52	 90 	 -517
26535 	 68505 	 0 	 0 	 0 	 1 	 -807 	 -516 	 52	 90 	 -517
26537 	 68504 	 0 	 0 	 0 	 0 	 -801 	 -517 	 79	 96 	 -516
26538 	 68504 	 0 	 0 	 0 	 -2 	 -807 	 -518 	 -5	 98 	 -517
26540 	 68502 	 0 	 0 	 0 	 -4 	 -801 	 -520 	 15	 97 	 -518
26541 	 68501 	 0 	 0 	 0 	 -4 	 -794 	 -520 	 49	 96 	 -518
26542 	 68501 	 0 	 0 	 0 	 -2 	 -801 	 -518 	 38	 95 	 -518
26543 	 68501 	 0 	 0 	 0 	 -2 	 -794 	 -518 	 -21	 94 	 -518
26544 	 68501 	 0 	 0 	 0 	 -2 	 -787 	 -518 	 -16	 92 	 -518
26544 	 68501 	 0 	 0 	 0 	 -2 	 -787 	 -518 	 -16	 92 	 -518
26547 	 68502 	 0 	 0 	 0 	 1 	 -787 	 -516 	 -13	 92 	 -514
26548 	 68502 	 0 	 0 	 0 	 1 	 -794 	 -516 	 -4	 91 	 -514
26549 	 68504 	 0 	 0 	 0 	 3 	 -794 	 -514 	 -27	 91 	 -514
26550 	 68502 	 0 	 0 	 0 	 1 	 -787 	 -516 	 57	 90 	 -514
26552 	 68502 	 0 	 0 	 0 	 0 	 -801 	 -517 	 78	 92 	 -514
26552 	 68502 	 0 	 0 	 0 	 0 	 -801 	 -517 	 78	 92 	 -514
26553 	 68504 	 0 	 0 	 0 	 1 	 -807 	 -516 	 -2	 91 	 -516
26554 	 68502 	 0 	 0 	 0 	 0 	 -801 	 -517 	 15	 93 	 -516
26556 	 68502 	 0 	 0 	 0 	 0 	 -794 	 -517 	 -32	 95 	 -518
26557 	 68502 	 0 	 0 	 0 	 0 	 -801 	 -517 	 -2	 94 	 -520
26559 	 68502 	 0 	 0 	 0 	 0 	 -801 	 -517 	 -34	 98 	 -520
26560 	 68502 	 0 	 0 	 0 	 0 	 -801 	 -517 	 -34	 102 	 -518
26561 	 68500 	 0 	 0 	 0 	 -2 	 -794 	 -518 	 -14	 102 	 -518
26562 	 68500 	 0 	 0 	 0 	 -2 	 -787 	 -518 	 14	 101 	 -518
26563 	 68501 	 0 	 0 	 0 	 0 	 -794 	 -517 	 0	 100 	 -518
26564 	 68501 	 0 	 0 	 0 	 0 	 -794 	 -517 	 -21	 102 	 -516
26565 	 68501 	 0 	 0 	 0 	 0 	 -787 	 -517 	 -20	 102 	 -516
26566 	 68501 	 0 	 0 	 0 	 0 	 -787 	 -517 	 -20	 104 	 -514
26567 	 68501 	 0 	 0 	 0 	 1 	 -781 	 -516 	 -10	 100 	 -516
26568 	 68501 	 0 	 0 	 0 	 1 	 -787 	 -516 	 -32	 99 	 -516
26569 	 68501 	 0 	 0 	 0 	 0 	 -794 	 -517 	 -38	 98 	 -517
26569 	 68501 	 0 	 0 	 0 	 0 	 -794 	 -517 	 -38	 98 	 -517
26572 	 68500 	 0 	 0 	 0 	 0 	 -511 	 -517 	 10	 96 	 -516
26574 	 68501 	 0 	 0 	 0 	 0 	 -787 	 -517 	 -18	 92 	 -517
26574 	 68501 	 0 	 0 	 0 	 0 	 -787 	 -517 	 -18	 92 	 -517
26575 	 68501 	 0 	 0 	 0 	 0 	 -781 	 -517 	 -21	 92 	 -517
26576 	 68501 	 0 	 0 	 0 	 0 	 -787 	 -517 	 -8	 92 	 -517
26578 	 68501 	 0 	 0 	 0 	 1 	 -794 	 -516 	 -54	 93 	 -518
26578 	 68501 	 0 	 0 	 0 	 1 	 -794 	 -516 	 -54	 93 	 -518
26579 	 68501 	 0 	 0 	 0 	 1 	 -794 	 -516 	 -39	 94 	 -518
26579 	 68501 	 0 	 0 	 0 	 1 	 -794 	 -516 	 -39	 94 	 -518
26580 	 68501 	 0 	 0 	 0 	 0 	 -787 	 -517 	 -14	 94 	 -517
26582 	 68501 	 0 	 0 	 0 	 0 	 -794 	 -517 	 -22	 98 	 -517
26584 	 68501 	 0 	 0 	 0 	 0 	 -801 	 -517 	 -32	 103 	 -517
26585 	 68501 	 0 	 0 	 0 	 0 	 -801 	 -517 	 -40	 106 	 -517
26586 	 68500 	 0 	 0 	 0 	 0 	 -787 	 -517 	 -40	 107 	 -516
26587 	 68500 	 0 	 0 	 0 	 0 	 -794 	 -517 	 9	 108 	 -516
26588 	 68501 	 0 	 0 	 0 	 0 	 -801 	 -517 	 -11	 108 	 -517
26589 	 68501 	 0 	 0 	 0 	 0 	 -807 	 -517 	 -11	 110 	 -517
26591 	 68501 	 0 	 0 	 0 	 0 	 -814 	 -517 	 -39	 116 	 -517
26592 	 68501 	 0 	 0 	 0 	 1 	 -801 	 -516 	 0	 117 	 -517
26593 	 68500 	 0 	 0 	 0 	 0 	 -794 	 -517 	 67	 118 	 -517
26594 	 68500 	 0 	 0 	 0 	 0 	 -794 	 -517 	 67	 119 	 -516
26594 	 68500 	 0 	 0 	 0 	 0 	 -794 	 -517 	 67	 119 	 -516
26598 	 68501 	 0 	 0 	 0 	 0 	 -801 	 -517 	 5	 120 	 -516
26599 	 68501 	 0 	 0 	 0 	 1 	 -794 	 -516 	 13	 119 	 -516
26599 	 68501 	 0 	 0 	 0 	 1 	 -794 	 -516 	 13	 119 	 -516
26601 	 68502 	 0 	 0 	 0 	 3 	 -794 	 -514 	 7	 116 	 -517
26602 	 68502 	 0 	 0 	 0 	 3 	 -787 	 -514 	 -1	 115 	 -517
26603 	 68502 	 0 	 0 	 0 	 3 	 -787 	 -514 	 0	 115 	 -517
26605 	 68501 	 0 	 0 	 0 	 0 	 -787 	 -517 	 29	 115 	 -517
26605 	 68501 	 0 	 0 	 0 	 0 	 -787 	 -517 	 29	 115 	 -517
26606 	 68501 	 0 	 0 	 0 	 0 	 -794 	 -517 	 -16	 117 	 -517
26606 	 68501 	 0 	 0 	 0 	 0 	 -794 	 -517 	 -16	 117 	 -517
26607 	 68501 	 0 	 0 	 0 	 0 	 -794 	 -517 	 -35	 117 	 -517
26607 	 68501 	 0 	 0 	 0 	 0 	 -794 	 -517 	 -35	 117 	 -517
26611 	 68500 	 0 	 0 	 0 	 0 	 -801 	 -517 	 -1	 122 	 -517
26611 	 68500 	 0 	 0 	 0 	 0 	 -801 	 -517 	 -1	 122 	 -517
26612 	 68500 	 0 	 0 	 0 	 0 	 -794 	 -517 	 55	 124 	 -516
26612 	 68500 	 0 	 0 	 0 	 0 	 -794 	 -517 	 55	 124 	 -516
26614 	 68501 	 0 	 0 	 0 	 0 	 -787 	 -517 	 20	 125 	 -517
26615 	 68501 	 0 	 0 	 0 	 0 	 -787 	 -517 	 7	 125 	 -517
26615 	 68501 	 0 	 0 	 0 	 0 	 -787 	 -517 	 7	 125 	 -517
26617 	 68504 	 0 	 0 	 0 	 5 	 -807 	 -512 	 30	 130 	 -516
26618 	 68504 	 0 	 0 	 0 	 5 	 -801 	 -512 	 8	 131 	 -516
26619 	 68502 	 0 	 0 	 0 	 3 	 -801 	 -514 	 46	 134 	 -514
26621 	 68500 	 0 	 0 	 0 	 0 	 -781 	 -517 	 73	 132 	 -514
26623 	 68500 	 0 	 0 	 0 	 -4 	 -807 	 -520 	 79	 134 	 -514
26624 	 68501 	 0 	 0 	 0 	 -2 	 -801 	 -518 	 91	 133 	 -517
26626 	 68501 	 0 	 0 	 0 	 0 	 -801 	 -517 	 64	 135 	 -517
26627 	 68501 	 0 	 0 	 0 	 1 	 -787 	 -516 	 13	 134 	 -517
26628 	 68500 	 0 	 0 	 0 	 0 	 -781 	 -517 	 13	 133 	 -517
26630 	 68500 	 0 	 0 	 0 	 0 	 -794 	 -517 	 5	 133 	 -517
26631 	 68501 	 0 	 0 	 0 	 0 	 -794 	 -517 	 2	 135 	 -517
26632 	 68501 	 0 	 0 	 0 	 0 	 -794 	 -517 	 2	 135 	 -517
26633 	 68501 	 0 	 0 	 0 	 0 	 -801 	 -517 	 -9	 135 	 -517
26636 	 68500 	 0 	 0 	 0 	 0 	 -787 	 -517 	 13	 135 	 -517
26637 	 68501 	 0 	 0 	 0 	 0 	 -801 	 -517 	 74	 137 	 -517
26638 	 68500 	 0 	 0 	 0 	 0 	 -801 	 -517 	 42	 140 	 -517
26639 	 68500 	 0 	 0 	 0 	 0 	 -807 	 -517 	 42	 147 	 -512
26639 	 68500 	 0 	 0 	 0 	 0 	 -807 	 -517 	 42	 147 	 -512
26640 	 68500 	 0 	 0 	 0 	 0 	 -807 	 -517 	 49	 147 	 -514
26642 	 68500 	 0 	 0 	 0 	 0 	 -801 	 -517 	 26	 144 	 -520
26643 	 68501 	 0 	 0 	 0 	 0 	 -807 	 -517 	 -7	 148 	 -518
26643 	 68501 	 0 	 0 	 0 	 0 	 -807 	 -517 	 -7	 148 	 -518
26644 	 68501 	 0 	 0 	 0 	 1 	 -814 	 -516 	 34	 151 	 -517
26646 	 68500 	 0 	 0 	 0 	 0 	 -801 	 -517 	 45	 156 	 -516
26646 	 68500 	 0 	 0 	 0 	 0 	 -801 	 -517 	 45	 156 	 -516
26649 	 68500 	 0 	 0 	 0 	 0 	 -807 	 -517 	 41	 158 	 -517
26649 	 68500 	 0 	 0 	 0 	 0 	 -807 	 -517 	 41	 158 	 -517
26650 	 68499 	 0 	 0 	 0 	 -2 	 -781 	 -518 	 52	 156 	 -517
26650 	 68499 	 0 	 0 	 0 	 -2 	 -781 	 -518 	 52	 156 	 -517
26652 	 68500 	 0 	 0 	 0 	 0 	 -794 	 -517 	 61	 155 	 -517
26652 	 68500 	 0 	 0 	 0 	 0 	 -794 	 -517 	 61	 155 	 -517
26653 	 68500 	 0 	 0 	 0 	 0 	 -794 	 -517 	 33	 154 	 -517
26653 	 68500 	 0 	 0 	 0 	 0 	 -794 	 -517 	 33	 154 	 -517
26655 	 68500 	 0 	 0 	 0 	 0 	 -794 	 -517 	 62	 151 	 -517
26656 	 68500 	 0 	 0 	 0 	 1 	 -787 	 -516 	 3	 150 	 -517
26657 	 68501 	 0 	 0 	 0 	 3 	 -794 	 -514 	 95	 150 	 -517
26659 	 68501 	 0 	 0 	 0 	 1 	 -801 	 -516 	 37	 150 	 -517
26661 	 68501 	 0 	 0 	 0 	 1 	 -787 	 -516 	 13	 153 	 -517
26662 	 68501 	 0 	 0 	 0 	 1 	 -794 	 -516 	 13	 154 	 -517
26663 	 68501 	 0 	 0 	 0 	 0 	 -794 	 -517 	 17	 156 	 -516
26665 	 68500 	 0 	 0 	 0 	 0 	 -787 	 -517 	 75	 155 	 -517
26666 	 68500 	 0 	 0 	 0 	 0 	 -794 	 -517 	 81	 156 	 -517
26666 	 68500 	 0 	 0 	 0 	 0 	 -794 	 -517 	 81	 156 	 -517
26668 	 68500 	 0 	 0 	 0 	 0 	 -794 	 -517 	 62	 156 	 -518
26669 	 68500 	 0 	 0 	 0 	 0 	 -794 	 -517 	 58	 155 	 -518
26671 	 68500 	 0 	 0 	 0 	 0 	 -801 	 -517 	 72	 159 	 -517
26674 	 68501 	 0 	 0 	 0 	 1 	 -814 	 -516 	 78	 167 	 -517
26675 	 68501 	 0 	 0 	 0 	 1 	 -814 	 -516 	 73	 170 	 -517
26676 	 68500 	 0 	 0 	 0 	 0 	 -807 	 -517 	 52	 172 	 -517
26677 	 68500 	 0 	 0 	 0 	 0 	 -807 	 -517 	 52	 175 	 -516
26677 	 68500 	 0 	 0 	 0 	 0 	 -807 	 -517 	 52	 175 	 -516
26679 	 68499 	 0 	 0 	 0 	 -2 	 -801 	 -518 	 77	 180 	 -514
26680 	 68500 	 0 	 0 	 0 	 0 	 -814 	 -517 	 123	 179 	 -516
26682 	 68500 	 0 	 0 	 0 	 0 	 -807 	 -517 	 77	 182 	 -516
26682 	 68500 	 0 	 0 	 0 	 0 	 -807 	 -517 	 77	 182 	 -516
26683 	 68500 	 0 	 0 	 0 	 0 	 -814 	 -517 	 45	 182 	 -517
26683 	 68500 	 0 	 0 	 0 	 0 	 -814 	 -517 	 45	 182 	 -517
26684 	 68501 	 0 	 0 	 0 	 3 	 -814 	 -514 	 70	 183 	 -517
26684 	 68501 	 0 	 0 	 0 	 3 	 -814 	 -514 	 70	 183 	 -517
26688 	 68500 	 0 	 0 	 0 	 0 	 -801 	 -517 	 48	 186 	 -517
26689 	 68501 	 0 	 0 	 0 	 1 	 -801 	 -516 	 74	 187 	 -517
26689 	 68501 	 0 	 0 	 0 	 1 	 -801 	 -516 	 74	 187 	 -517
26691 	 68502 	 0 	 0 	 0 	 1 	 -814 	 -516 	 111	 189 	 -517
26691 	 68502 	 0 	 0 	 0 	 1 	 -814 	 -516 	 111	 189 	 -517
26692 	 68502 	 0 	 0 	 0 	 1 	 -814 	 -516 	 74	 191 	 -516
26692 	 68502 	 0 	 0 	 0 	 1 	 -814 	 -516 	 74	 191 	 -516
26694 	 68501 	 0 	 0 	 0 	 1 	 -821 	 -516 	 67	 192 	 -517
26695 	 68501 	 0 	 0 	 0 	 0 	 -814 	 -517 	 54	 194 	 -517
26696 	 68500 	 0 	 0 	 0 	 0 	 -814 	 -517 	 130	 195 	 -517
26698 	 68500 	 0 	 0 	 0 	 -2 	 -807 	 -518 	 112	 198 	 -517
26700 	 68499 	 0 	 0 	 0 	 -2 	 -787 	 -518 	 113	 198 	 -517
26701 	 68499 	 0 	 0 	 0 	 -2 	 -781 	 -518 	 133	 195 	 -517
26703 	 68501 	 0 	 0 	 0 	 1 	 -807 	 -516 	 130	 194 	 -517
26704 	 68501 	 0 	 0 	 0 	 1 	 -801 	 -516 	 95	 193 	 -517
26705 	 68500 	 0 	 0 	 0 	 1 	 -794 	 -516 	 95	 194 	 -514
26706 	 68500 	 0 	 0 	 0 	 1 	 -801 	 -516 	 123	 191 	 -517
26708 	 68500 	 0 	 0 	 0 	 0 	 -814 	 -517 	 43	 194 	 -516
26709 	 68500 	 0 	 0 	 0 	 0 	 -814 	 -517 	 91	 196 	 -516
26710 	 68500 	 0 	 0 	 0 	 0 	 -807 	 -517 	 91	 198 	 -516
26710 	 68500 	 0 	 0 	 0 	 0 	 -807 	 -517 	 91	 198 	 -516
26713 	 68500 	 0 	 0 	 0 	 0 	 -807 	 -517 	 121	 207 	 -516
26713 	 68500 	 0 	 0 	 0 	 0 	 -807 	 -517 	 121	 207 	 -516
26715 	 68499 	 0 	 0 	 0 	 0 	 -787 	 -517 	 119	 208 	 -516
26716 	 68499 	 0 	 0 	 0 	 0 	 -794 	 -517 	 164	 207 	 -517
26718 	 68500 	 0 	 0 	 0 	 0 	 -814 	 -517 	 125	 208 	 -518
26719 	 68500 	 0 	 0 	 0 	 0 	 -807 	 -517 	 148	 208 	 -518
26719 	 68500 	 0 	 0 	 0 	 0 	 -807 	 -517 	 148	 208 	 -518
26720 	 68499 	 0 	 0 	 0 	 0 	 -794 	 -517 	 130	 207 	 -518
26721 	 68499 	 0 	 0 	 0 	 0 	 -801 	 -517 	 127	 209 	 -516
26722 	 68498 	 0 	 0 	 0 	 0 	 -787 	 -517 	 122	 207 	 -516
26723 	 68498 	 0 	 0 	 0 	 0 	 -787 	 -517 	 122	 205 	 -516
26725 	 68496 	 0 	 0 	 0 	 -4 	 -781 	 -520 	 164	 204 	 -516
26726 	 68496 	 0 	 0 	 0 	 -2 	 -781 	 -518 	 103	 203 	 -516
26727 	 68496 	 0 	 0 	 0 	 -2 	 -794 	 -518 	 103	 201 	 -517
26729 	 68499 	 0 	 0 	 0 	 1 	 -807 	 -516 	 133	 200 	 -517
26730 	 68500 	 0 	 0 	 0 	 5 	 -821 	 -512 	 133	 203 	 -517
26731 	 68500 	 0 	 0 	 0 	 5 	 -814 	 -512 	 90	 205 	 -517
26732 	 68498 	 0 	 0 	 0 	 1 	 -807 	 -516 	 99	 208 	 -517
26733 	 68498 	 0 	 0 	 0 	 1 	 -801 	 -516 	 116	 210 	 -517
26734 	 68498 	 0 	 0 	 0 	 0 	 -794 	 -517 	 95	 212 	 -517
26735 	 68496 	 0 	 0 	 0 	 -2 	 -787 	 -518 	 95	 213 	 -517
26738 	 68496 	 0 	 0 	 0 	 0 	 -794 	 -517 	 86	 217 	 -517
26739 	 68496 	 0 	 0 	 0 	 0 	 -801 	 -517 	 86	 217 	 -517
26740 	 68496 	 0 	 0 	 0 	 0 	 -794 	 -517 	 89	 215 	 -517
26741 	 68498 	 0 	 0 	 0 	 1 	 -807 	 -516 	 89	 214 	 -517
26742 	 68496 	 0 	 0 	 0 	 0 	 -807 	 -517 	 131	 215 	 -517
26743 	 68498 	 0 	 0 	 0 	 1 	 -807 	 -516 	 177	 213 	 -520
26744 	 68498 	 0 	 0 	 0 	 1 	 -801 	 -516 	 102	 214 	 -520
26745 	 68498 	 0 	 0 	 0 	 1 	 -807 	 -516 	 87	 219 	 -518
26746 	 68498 	 0 	 0 	 0 	 1 	 -807 	 -516 	 87	 224 	 -516
26747 	 68496 	 0 	 0 	 0 	 0 	 -807 	 -517 	 113	 229 	 -512
26748 	 68496 	 0 	 0 	 0 	 0 	 -801 	 -517 	 143	 231 	 -512
26748 	 68496 	 0 	 0 	 0 	 0 	 -801 	 -517 	 143	 231 	 -512
26751 	 68496 	 0 	 0 	 0 	 0 	 -801 	 -517 	 148	 229 	 -516
26753 	 68496 	 0 	 0 	 0 	 0 	 -801 	 -517 	 80	 228 	 -517
26753 	 68496 	 0 	 0 	 0 	 0 	 -801 	 -517 	 80	 228 	 -517
26754 	 68496 	 0 	 0 	 0 	 0 	 -814 	 -517 	 84	 229 	 -518
26756 	 68498 	 0 	 0 	 0 	 1 	 -814 	 -516 	 102	 233 	 -517
26757 	 68498 	 0 	 0 	 0 	 1 	 -821 	 -516 	 177	 236 	 -517
26757 	 68498 	 0 	 0 	 0 	 1 	 -821 	 -516 	 177	 236 	 -517
26758 	 68498 	 0 	 0 	 0 	 1 	 -821 	 -516 	 135	 239 	 -516
26759 	 68496 	 0 	 0 	 0 	 0 	 -814 	 -517 	 141	 241 	 -517
26760 	 68496 	 0 	 0 	 0 	 0 	 -807 	 -517 	 122	 243 	 -517
26761 	 68498 	 0 	 0 	 0 	 1 	 -821 	 -516 	 122	 247 	 -516
26761 	 68498 	 0 	 0 	 0 	 1 	 -821 	 -516 	 122	 247 	 -516
26764 	 68496 	 0 	 0 	 0 	 0 	 -814 	 -517 	 165	 255 	 -516
26765 	 68496 	 0 	 0 	 0 	 0 	 -821 	 -517 	 162	 257 	 -516
26765 	 68496 	 0 	 0 	 0 	 0 	 -821 	 -517 	 162	 257 	 -516
26767 	 68495 	 0 	 0 	 0 	 -2 	 -814 	 -518 	 140	 258 	 -517
26768 	 68494 	 0 	 0 	 0 	 -4 	 -807 	 -520 	 189	 258 	 -517
26770 	 68496 	 0 	 0 	 0 	 0 	 -827 	 -517 	 161	 262 	 -517
26770 	 68496 	 0 	 0 	 0 	 0 	 -827 	 -517 	 161	 262 	 -517
26771 	 68496 	 0 	 0 	 0 	 0 	 -821 	 -517 	 160	 263 	 -517
26773 	 68494 	 0 	 0 	 0 	 0 	 -814 	 -517 	 180	 263 	 -517
26774 	 68492 	 0 	 0 	 0 	 -2 	 -787 	 -518 	 180	 263 	 -516
26776 	 68490 	 0 	 0 	 0 	 -8 	 -794 	 -524 	 171	 258 	 -516
26777 	 68490 	 0 	 0 	 0 	 -8 	 -787 	 -524 	 193	 256 	 -516
26778 	 68490 	 0 	 0 	 0 	 -6 	 -787 	 -522 	 193	 254 	 -517
26779 	 68490 	 0 	 0 	 0 	 -4 	 -794 	 -520 	 191	 253 	 -517
26781 	 68492 	 0 	 0 	 0 	 1 	 -794 	 -516 	 122	 249 	 -516
26782 	 68492 	 0 	 0 	 0 	 1 	 -787 	 -516 	 122	 246 	 -517
26783 	 68490 	 0 	 0 	 0 	 0 	 -787 	 -517 	 143	 244 	 -517
26784 	 68490 	 0 	 0 	 0 	 0 	 -781 	 -517 	 146	 243 	 -517
26785 	 68490 	 0 	 0 	 0 	 0 	 -774 	 -517 	 134	 243 	 -517
26786 	 68490 	 0 	 0 	 0 	 0 	 -787 	 -517 	 134	 241 	 -518
26789 	 68492 	 0 	 0 	 0 	 1 	 -801 	 -516 	 119	 241 	 -520
26790 	 68492 	 0 	 0 	 0 	 1 	 -794 	 -516 	 122	 244 	 -517
26791 	 68492 	 0 	 0 	 0 	 1 	 -781 	 -516 	 122	 243 	 -517
26792 	 68495 	 0 	 0 	 0 	 7 	 -807 	 -510 	 145	 246 	 -517
26793 	 68495 	 0 	 0 	 0 	 7 	 -814 	 -510 	 147	 249 	 -517
26794 	 68495 	 0 	 0 	 0 	 5 	 -807 	 -512 	 147	 245 	 -524
26795 	 68495 	 0 	 0 	 0 	 5 	 -814 	 -512 	 141	 249 	 -524
26796 	 68495 	 0 	 0 	 0 	 5 	 -821 	 -512 	 134	 253 	 -524
26797 	 68495 	 0 	 0 	 0 	 5 	 -807 	 -512 	 134	 258 	 -522
26798 	 68494 	 0 	 0 	 0 	 0 	 -807 	 -517 	 134	 266 	 -516
26800 	 68492 	 0 	 0 	 0 	 -4 	 -801 	 -520 	 163	 268 	 -516
26802 	 68492 	 0 	 0 	 0 	 -4 	 -814 	 -520 	 200	 273 	 -516
26803 	 68492 	 0 	 0 	 0 	 -4 	 -807 	 -520 	 200	 272 	 -517
26804 	 68492 	 0 	 0 	 0 	 -2 	 -794 	 -518 	 162	 272 	 -517
26805 	 68492 	 0 	 0 	 0 	 0 	 -794 	 -517 	 162	 271 	 -517
26806 	 68492 	 0 	 0 	 0 	 0 	 -794 	 -517 	 189	 270 	 -516
26807 	 68490 	 0 	 0 	 0 	 0 	 -787 	 -517 	 155	 268 	 -516
26808 	 68490 	 0 	 0 	 0 	 0 	 -774 	 -517 	 142	 266 	 -516
26809 	 68490 	 0 	 0 	 0 	 0 	 -511 	 -517 	 142	 270 	 -510
26810 	 68489 	 0 	 0 	 0 	 -2 	 -505 	 -518 	 140	 266 	 -510
26811 	 68489 	 0 	 0 	 0 	 -2 	 -774 	 -518 	 195	 264 	 -510
26812 	 68489 	 0 	 0 	 0 	 -2 	 -787 	 -518 	 132	 259 	 -512
26815 	 68490 	 0 	 0 	 0 	 0 	 -801 	 -517 	 143	 261 	 -512
26816 	 68493 	 0 	 0 	 0 	 5 	 -814 	 -512 	 120	 264 	 -512
26817 	 68493 	 0 	 0 	 0 	 5 	 -814 	 -512 	 174	 262 	 -517
26818 	 68492 	 0 	 0 	 0 	 3 	 -807 	 -514 	 156	 263 	 -520
26819 	 68492 	 0 	 0 	 0 	 1 	 -794 	 -516 	 143	 266 	 -520
26820 	 68490 	 0 	 0 	 0 	 0 	 -794 	 -517 	 143	 270 	 -520
26821 	 68489 	 0 	 0 	 0 	 0 	 -787 	 -517 	 176	 274 	 -518
26822 	 68489 	 0 	 0 	 0 	 -4 	 -801 	 -520 	 196	 277 	 -517
26823 	 68490 	 0 	 0 	 0 	 -2 	 -801 	 -518 	 205	 277 	 -517
26824 	 68490 	 0 	 0 	 0 	 0 	 -794 	 -517 	 205	 277 	 -517
26825 	 68490 	 0 	 0 	 0 	 0 	 -807 	 -517 	 189	 279 	 -517
26827 	 68488 	 0 	 0 	 0 	 0 	 -807 	 -517 	 207	 279 	 -517
26828 	 68488 	 0 	 0 	 0 	 0 	 -794 	 -517 	 205	 278 	 -517
26829 	 68487 	 0 	 0 	 0 	 -5 	 -774 	 -521 	 205	 276 	 -518
26830 	 68486 	 0 	 0 	 0 	 -6 	 -511 	 -522 	 195	 273 	 -518
26831 	 68486 	 0 	 0 	 0 	 -6 	 -781 	 -522 	 221	 273 	 -518
26832 	 68486 	 0 	 0 	 0 	 -5 	 -787 	 -521 	 221	 278 	 -512
26833 	 68486 	 0 	 0 	 0 	 -3 	 -787 	 -519 	 219	 278 	 -512
26834 	 68486 	 0 	 0 	 0 	 -3 	 -794 	 -519 	 157	 278 	 -512
26835 	 68486 	 0 	 0 	 0 	 0 	 -794 	 -517 	 157	 275 	 -514
26836 	 68487 	 0 	 0 	 0 	 1 	 -801 	 -516 	 164	 272 	 -517
26837 	 68487 	 0 	 0 	 0 	 1 	 -814 	 -516 	 213	 273 	 -517
26837 	 68487 	 0 	 0 	 0 	 1 	 -814 	 -516 	 213	 273 	 -517
26840 	 68482 	 0 	 0 	 0 	 -4 	 -781 	 -520 	 215	 273 	 -520
26841 	 68481 	 0 	 0 	 0 	 -6 	 -781 	 -522 	 221	 275 	 -518
26841 	 68481 	 0 	 0 	 0 	 -6 	 -781 	 -522 	 221	 275 	 -518
26843 	 68481 	 0 	 0 	 0 	 -8 	 -787 	 -524 	 203	 277 	 -517
26844 	 68482 	 0 	 0 	 0 	 0 	 -794 	 -517 	 184	 277 	 -517
26846 	 68482 	 0 	 0 	 0 	 0 	 -814 	 -517 	 168	 276 	 -521
26847 	 68481 	 0 	 0 	 0 	 0 	 -794 	 -517 	 166	 273 	 -522
26847 	 68481 	 0 	 0 	 0 	 0 	 -794 	 -517 	 166	 273 	 -522
26848 	 68481 	 0 	 0 	 0 	 0 	 -807 	 -517 	 151	 275 	 -522
26849 	 68480 	 0 	 0 	 0 	 0 	 -814 	 -517 	 164	 280 	 -521
26850 	 68480 	 0 	 0 	 0 	 -2 	 -801 	 -518 	 216	 283 	 -521
26850 	 68480 	 0 	 0 	 0 	 -2 	 -801 	 -518 	 216	 283 	 -521
26853 	 68477 	 0 	 0 	 0 	 -4 	 -787 	 -520 	 192	 292 	 -519
26854 	 68476 	 0 	 0 	 0 	 -6 	 -781 	 -522 	 192	 293 	 -517
26855 	 68476 	 0 	 0 	 0 	 -4 	 -781 	 -520 	 236	 293 	 -516
26856 	 68476 	 0 	 0 	 0 	 -4 	 -774 	 -520 	 188	 290 	 -516
26857 	 68474 	 0 	 0 	 0 	 -8 	 -505 	 -524 	 195	 287 	 -516
26857 	 68474 	 0 	 0 	 0 	 -8 	 -505 	 -524 	 195	 287 	 -516
26860 	 68473 	 0 	 0 	 0 	 -4 	 -511 	 -520 	 228	 267 	 -522
26860 	 68473 	 0 	 0 	 0 	 -4 	 -511 	 -520 	 228	 267 	 -522
26861 	 68474 	 0 	 0 	 0 	 -2 	 -774 	 -518 	 168	 262 	 -524
26862 	 68475 	 0 	 0 	 0 	 0 	 -787 	 -517 	 162	 267 	 -517
26862 	 68475 	 0 	 0 	 0 	 0 	 -787 	 -517 	 162	 267 	 -517
26866 	 68471 	 0 	 0 	 0 	 0 	 -774 	 -517 	 189	 270 	 -517
26867 	 68469 	 0 	 0 	 0 	 -6 	 -511 	 -522 	 216	 270 	 -517
26867 	 68469 	 0 	 0 	 0 	 -6 	 -511 	 -522 	 216	 270 	 -517
26869 	 68469 	 0 	 0 	 0 	 -8 	 -774 	 -524 	 234	 273 	 -517
26870 	 68469 	 0 	 0 	 0 	 -6 	 -781 	 -522 	 161	 274 	 -518
26872 	 68469 	 0 	 0 	 0 	 -2 	 -781 	 -518 	 172	 271 	 -520
26872 	 68469 	 0 	 0 	 0 	 -2 	 -781 	 -518 	 172	 271 	 -520
26873 	 68469 	 0 	 0 	 0 	 0 	 -781 	 -517 	 180	 267 	 -522
26873 	 68469 	 0 	 0 	 0 	 0 	 -781 	 -517 	 180	 267 	 -522
26874 	 68469 	 0 	 0 	 0 	 0 	 -781 	 -517 	 128	 268 	 -520
26876 	 68469 	 0 	 0 	 0 	 0 	 -787 	 -517 	 134	 265 	 -524
26876 	 68469 	 0 	 0 	 0 	 0 	 -787 	 -517 	 134	 265 	 -524
26878 	 68469 	 0 	 0 	 0 	 0 	 -801 	 -517 	 139	 271 	 -524
26878 	 68469 	 0 	 0 	 0 	 0 	 -801 	 -517 	 139	 271 	 -524
26880 	 68467 	 0 	 0 	 0 	 -3 	 -794 	 -519 	 200	 280 	 -520
26881 	 68467 	 0 	 0 	 0 	 -3 	 -794 	 -519 	 209	 284 	 -518
26883 	 68467 	 0 	 0 	 0 	 -3 	 -787 	 -519 	 192	 287 	 -517
26883 	 68467 	 0 	 0 	 0 	 -3 	 -787 	 -519 	 192	 287 	 -517
26884 	 68465 	 0 	 0 	 0 	 -5 	 -781 	 -521 	 170	 288 	 -517
26885 	 68465 	 0 	 0 	 0 	 -2 	 -787 	 -518 	 180	 284 	 -522
26887 	 68468 	 0 	 0 	 0 	 1 	 -801 	 -516 	 188	 282 	 -524
26888 	 68468 	 0 	 0 	 0 	 1 	 -807 	 -516 	 200	 285 	 -522
26891 	 68468 	 0 	 0 	 0 	 3 	 -801 	 -514 	 188	 292 	 -518
26892 	 68467 	 0 	 0 	 0 	 1 	 -807 	 -516 	 188	 295 	 -517
26893 	 68467 	 0 	 0 	 0 	 0 	 -794 	 -517 	 207	 297 	 -517
26894 	 68467 	 0 	 0 	 0 	 0 	 -801 	 -517 	 180	 299 	 -517
26896 	 68464 	 0 	 0 	 0 	 -4 	 -794 	 -520 	 223	 302 	 -517
26897 	 68464 	 0 	 0 	 0 	 -4 	 -787 	 -520 	 214	 301 	 -517
26898 	 68464 	 0 	 0 	 0 	 -2 	 -794 	 -518 	 179	 300 	 -517
26899 	 68462 	 0 	 0 	 0 	 -6 	 -774 	 -522 	 179	 297 	 -519
26900 	 68462 	 0 	 0 	 0 	 -6 	 -781 	 -522 	 216	 295 	 -519
26903 	 68463 	 0 	 0 	 0 	 0 	 -794 	 -517 	 173	 293 	 -519
26904 	 68463 	 0 	 0 	 0 	 0 	 -814 	 -517 	 173	 295 	 -519
26905 	 68463 	 0 	 0 	 0 	 1 	 -801 	 -516 	 158	 297 	 -519
26906 	 68463 	 0 	 0 	 0 	 1 	 -814 	 -516 	 158	 300 	 -518
26906 	 68463 	 0 	 0 	 0 	 1 	 -814 	 -516 	 158	 300 	 -518
26907 	 68463 	 0 	 0 	 0 	 0 	 -807 	 -517 	 168	 305 	 -516
26909 	 68459 	 0 	 0 	 0 	 -4 	 -801 	 -520 	 225	 310 	 -516
26910 	 68459 	 0 	 0 	 0 	 -4 	 -794 	 -520 	 225	 312 	 -516
26911 	 68461 	 0 	 0 	 0 	 -2 	 -801 	 -518 	 218	 313 	 -517
26912 	 68461 	 0 	 0 	 0 	 -2 	 -801 	 -518 	 241	 315 	 -517
26913 	 68459 	 0 	 0 	 0 	 -4 	 -794 	 -520 	 249	 316 	 -517
26913 	 68459 	 0 	 0 	 0 	 -4 	 -794 	 -520 	 249	 316 	 -517
26916 	 68458 	 0 	 0 	 0 	 0 	 -794 	 -517 	 219	 310 	 -520
26917 	 68458 	 0 	 0 	 0 	 -2 	 -801 	 -518 	 224	 312 	 -518
26917 	 68458 	 0 	 0 	 0 	 -2 	 -801 	 -518 	 224	 312 	 -518
26919 	 68457 	 0 	 0 	 0 	 -2 	 -801 	 -518 	 195	 309 	 -522
26919 	 68457 	 0 	 0 	 0 	 -2 	 -801 	 -518 	 195	 309 	 -522
26920 	 68456 	 0 	 0 	 0 	 -4 	 -787 	 -520 	 240	 314 	 -517
26922 	 68453 	 0 	 0 	 0 	 -6 	 -794 	 -522 	 249	 314 	 -516
26922 	 68453 	 0 	 0 	 0 	 -6 	 -794 	 -522 	 249	 314 	 -516
26923 	 68453 	 0 	 0 	 0 	 -6 	 -787 	 -522 	 243	 314 	 -516
26924 	 68452 	 0 	 0 	 0 	 -8 	 -774 	 -524 	 238	 313 	 -516
26926 	 68452 	 0 	 0 	 0 	 -4 	 -781 	 -520 	 225	 306 	 -520
26928 	 68449 	 0 	 0 	 0 	 -6 	 -511 	 -522 	 192	 299 	 -520
26929 	 68449 	 0 	 0 	 0 	 -6 	 -781 	 -522 	 179	 297 	 -520
26930 	 68449 	 0 	 0 	 0 	 -5 	 -781 	 -521 	 179	 298 	 -518
26931 	 68447 	 0 	 0 	 0 	 -6 	 -794 	 -522 	 188	 298 	 -518
26932 	 68446 	 0 	 0 	 0 	 -8 	 -781 	 -524 	 201	 295 	 -520
26933 	 68445 	 0 	 0 	 0 	 -6 	 -774 	 -522 	 201	 297 	 -517
26935 	 68443 	 0 	 0 	 0 	 -8 	 -781 	 -524 	 196	 299 	 -518
26936 	 68441 	 0 	 0 	 0 	 -10 	 -781 	 -526 	 190	 299 	 -518
26937 	 68440 	 0 	 0 	 0 	 -10 	 -774 	 -526 	 187	 300 	 -518
26938 	 68440 	 0 	 0 	 0 	 -8 	 -511 	 -524 	 187	 298 	 -520
26941 	 68438 	 0 	 0 	 0 	 -6 	 -774 	 -522 	 174	 294 	 -520
26942 	 68434 	 0 	 0 	 0 	 -10 	 -511 	 -526 	 174	 290 	 -522
26943 	 68432 	 0 	 0 	 0 	 -12 	 -498 	 -528 	 209	 288 	 -522
26944 	 68431 	 0 	 0 	 0 	 -14 	 -498 	 -530 	 209	 283 	 -524
26945 	 68431 	 0 	 0 	 0 	 -10 	 -774 	 -526 	 225	 286 	 -520
26946 	 68427 	 0 	 0 	 0 	 -16 	 -491 	 -532 	 204	 282 	 -520
26947 	 68427 	 0 	 0 	 0 	 -16 	 -478 	 -532 	 218	 276 	 -522
26948 	 68428 	 0 	 0 	 0 	 -8 	 -485 	 -524 	 218	 274 	 -521
26948 	 68428 	 0 	 0 	 0 	 -8 	 -485 	 -524 	 218	 274 	 -521
26950 	 68426 	 0 	 0 	 0 	 -6 	 -485 	 -522 	 217	 266 	 -522
26951 	 68425 	 0 	 0 	 0 	 -8 	 -485 	 -524 	 182	 260 	 -524
26951 	 68425 	 0 	 0 	 0 	 -8 	 -485 	 -524 	 182	 260 	 -524
26954 	 68420 	 0 	 0 	 0 	 -12 	 -452 	 -528 	 197	 245 	 -524
26955 	 68420 	 0 	 0 	 0 	 -12 	 -452 	 -528 	 172	 235 	 -526
26955 	 68420 	 0 	 0 	 0 	 -12 	 -452 	 -528 	 172	 235 	 -526
26957 	 68421 	 0 	 0 	 0 	 -4 	 -478 	 -520 	 195	 231 	 -524
26957 	 68421 	 0 	 0 	 0 	 -4 	 -478 	 -520 	 195	 231 	 -524
26958 	 68421 	 0 	 0 	 0 	 -2 	 -491 	 -518 	 158	 232 	 -522
26958 	 68421 	 0 	 0 	 0 	 -2 	 -491 	 -518 	 158	 232 	 -522
26960 	 68420 	 0 	 0 	 0 	 0 	 -498 	 -517 	 168	 224 	 -528
26960 	 68420 	 0 	 0 	 0 	 0 	 -498 	 -517 	 168	 224 	 -528
26961 	 68420 	 0 	 0 	 0 	 0 	 -491 	 -517 	 115	 222 	 -530
26963 	 68420 	 0 	 0 	 0 	 0 	 -505 	 -517 	 111	 223 	 -532
26964 	 68419 	 0 	 0 	 0 	 -2 	 -498 	 -518 	 104	 226 	 -532
26966 	 68419 	 0 	 0 	 0 	 0 	 -491 	 -517 	 164	 233 	 -532
26967 	 68419 	 0 	 0 	 0 	 0 	 -491 	 -517 	 135	 242 	 -524
26968 	 68417 	 0 	 0 	 0 	 -2 	 -485 	 -518 	 135	 243 	 -522
26970 	 68416 	 0 	 0 	 0 	 -2 	 -498 	 -518 	 182	 240 	 -524
26971 	 68416 	 0 	 0 	 0 	 -2 	 -498 	 -518 	 182	 236 	 -528
26972 	 68416 	 0 	 0 	 0 	 -2 	 -491 	 -518 	 196	 235 	 -528
26973 	 68416 	 0 	 0 	 0 	 -2 	 -505 	 -518 	 176	 234 	 -528
26975 	 68416 	 0 	 0 	 0 	 0 	 -498 	 -517 	 145	 240 	 -520
26976 	 68416 	 0 	 0 	 0 	 0 	 -485 	 -517 	 145	 241 	 -518
26979 	 68415 	 0 	 0 	 0 	 0 	 -478 	 -517 	 139	 234 	 -518
26980 	 68414 	 0 	 0 	 0 	 -2 	 -472 	 -518 	 139	 232 	 -517
26981 	 68414 	 0 	 0 	 0 	 -2 	 -472 	 -518 	 195	 229 	 -517
26982 	 68414 	 0 	 0 	 0 	 -2 	 -472 	 -518 	 195	 226 	 -517
26982 	 68414 	 0 	 0 	 0 	 -2 	 -472 	 -518 	 195	 226 	 -517
26983 	 68414 	 0 	 0 	 0 	 0 	 -478 	 -517 	 118	 222 	 -517
26985 	 68415 	 0 	 0 	 0 	 0 	 -491 	 -517 	 112	 217 	 -518
26986 	 68416 	 0 	 0 	 0 	 3 	 -498 	 -514 	 112	 218 	 -517
26987 	 68416 	 0 	 0 	 0 	 3 	 -491 	 -514 	 139	 218 	 -518
26988 	 68415 	 0 	 0 	 0 	 1 	 -478 	 -516 	 132	 218 	 -518
26989 	 68415 	 0 	 0 	 0 	 1 	 -485 	 -516 	 151	 218 	 -518
26989 	 68415 	 0 	 0 	 0 	 1 	 -485 	 -516 	 151	 218 	 -518
26992 	 68416 	 0 	 0 	 0 	 0 	 -491 	 -517 	 107	 219 	 -518
26994 	 68414 	 0 	 0 	 0 	 0 	 -485 	 -517 	 125	 221 	 -517
26994 	 68414 	 0 	 0 	 0 	 0 	 -485 	 -517 	 125	 221 	 -517
26995 	 68414 	 0 	 0 	 0 	 0 	 -478 	 -517 	 122	 219 	 -517
26996 	 68415 	 0 	 0 	 0 	 0 	 -485 	 -517 	 168	 217 	 -517
26997 	 68415 	 0 	 0 	 0 	 0 	 -478 	 -517 	 169	 213 	 -518
26998 	 68415 	 0 	 0 	 0 	 0 	 -485 	 -517 	 115	 213 	 -518
26999 	 68415 	 0 	 0 	 0 	 0 	 -491 	 -517 	 160	 213 	 -518
27001 	 68413 	 0 	 0 	 0 	 0 	 -472 	 -517 	 166	 211 	 -518
27002 	 68413 	 0 	 0 	 0 	 -2 	 -472 	 -518 	 166	 209 	 -517
27002 	 68413 	 0 	 0 	 0 	 -2 	 -472 	 -518 	 166	 209 	 -517
27005 	 68413 	 0 	 0 	 0 	 -2 	 -472 	 -518 	 162	 206 	 -514
27006 	 68413 	 0 	 0 	 0 	 0 	 -472 	 -517 	 126	 203 	 -514
27007 	 68414 	 0 	 0 	 0 	 1 	 -478 	 -516 	 105	 200 	 -516
27008 	 68414 	 0 	 0 	 0 	 1 	 -478 	 -516 	 167	 199 	 -516
27009 	 68413 	 0 	 0 	 0 	 0 	 -478 	 -517 	 146	 196 	 -516
27011 	 68413 	 0 	 0 	 0 	 0 	 -485 	 -517 	 134	 194 	 -517
27011 	 68413 	 0 	 0 	 0 	 0 	 -485 	 -517 	 134	 194 	 -517
27012 	 68413 	 0 	 0 	 0 	 0 	 -491 	 -517 	 120	 195 	 -517
27013 	 68411 	 0 	 0 	 0 	 -2 	 -478 	 -518 	 148	 194 	 -517
27015 	 68411 	 0 	 0 	 0 	 0 	 -472 	 -517 	 170	 193 	 -517
27015 	 68411 	 0 	 0 	 0 	 0 	 -472 	 -517 	 170	 193 	 -517
27018 	 68413 	 0 	 0 	 0 	 0 	 -478 	 -517 	 108	 193 	 -517
27018 	 68413 	 0 	 0 	 0 	 0 	 -478 	 -517 	 108	 193 	 -517
27019 	 68411 	 0 	 0 	 0 	 0 	 -478 	 -517 	 115	 192 	 -517
27019 	 68411 	 0 	 0 	 0 	 0 	 -478 	 -517 	 115	 192 	 -517
27021 	 68411 	 0 	 0 	 0 	 0 	 -472 	 -517 	 108	 188 	 -518
27022 	 68411 	 0 	 0 	 0 	 0 	 -472 	 -517 	 49	 185 	 -518
27023 	 68414 	 0 	 0 	 0 	 1 	 -485 	 -516 	 49	 184 	 -518
27024 	 68414 	 0 	 0 	 0 	 1 	 -485 	 -516 	 148	 185 	 -516
27025 	 68414 	 0 	 0 	 0 	 3 	 -478 	 -514 	 105	 185 	 -516
27026 	 68414 	 0 	 0 	 0 	 3 	 -472 	 -514 	 67	 183 	 -516
27027 	 68413 	 0 	 0 	 0 	 1 	 -458 	 -516 	 97	 178 	 -517
27027 	 68413 	 0 	 0 	 0 	 1 	 -458 	 -516 	 97	 178 	 -517
27030 	 68414 	 0 	 0 	 0 	 0 	 -478 	 -517 	 140	 175 	 -517
27031 	 68414 	 0 	 0 	 0 	 0 	 -491 	 -517 	 118	 176 	 -517
27031 	 68414 	 0 	 0 	 0 	 0 	 -491 	 -517 	 118	 176 	 -517
27033 	 68413 	 0 	 0 	 0 	 0 	 -491 	 -517 	 79	 178 	 -517
27034 	 68413 	 0 	 0 	 0 	 0 	 -491 	 -517 	 103	 178 	 -517
27035 	 68413 	 0 	 0 	 0 	 0 	 -498 	 -517 	 103	 179 	 -517
27037 	 68411 	 0 	 0 	 0 	 -2 	 -485 	 -518 	 85	 183 	 -517
27038 	 68411 	 0 	 0 	 0 	 -2 	 -491 	 -518 	 139	 183 	 -517
27039 	 68411 	 0 	 0 	 0 	 0 	 -485 	 -517 	 139	 184 	 -517
27042 	 68413 	 0 	 0 	 0 	 0 	 -478 	 -517 	 89	 178 	 -517
27042 	 68413 	 0 	 0 	 0 	 0 	 -478 	 -517 	 89	 178 	 -517
27043 	 68413 	 0 	 0 	 0 	 1 	 -485 	 -516 	 89	 178 	 -516
27044 	 68413 	 0 	 0 	 0 	 1 	 -485 	 -516 	 78	 179 	 -514
27045 	 68411 	 0 	 0 	 0 	 0 	 -478 	 -517 	 74	 176 	 -514
27047 	 68411 	 0 	 0 	 0 	 0 	 -478 	 -517 	 165	 170 	 -516
27048 	 68413 	 0 	 0 	 0 	 0 	 -491 	 -517 	 144	 169 	 -516
27049 	 68413 	 0 	 0 	 0 	 0 	 -498 	 -517 	 91	 168 	 -517
27050 	 68413 	 0 	 0 	 0 	 0 	 -498 	 -517 	 91	 169 	 -517
27051 	 68413 	 0 	 0 	 0 	 1 	 -485 	 -516 	 49	 169 	 -517
27052 	 68413 	 0 	 0 	 0 	 0 	 -485 	 -517 	 91	 168 	 -517
27052 	 68413 	 0 	 0 	 0 	 0 	 -485 	 -517 	 91	 168 	 -517
27055 	 68413 	 0 	 0 	 0 	 0 	 -485 	 -517 	 95	 170 	 -517
27057 	 68410 	 0 	 0 	 0 	 -2 	 -458 	 -518 	 140	 165 	 -518
27057 	 68410 	 0 	 0 	 0 	 -2 	 -458 	 -518 	 140	 165 	 -518
27058 	 68410 	 0 	 0 	 0 	 -2 	 -465 	 -518 	 117	 162 	 -517
27059 	 68410 	 0 	 0 	 0 	 -4 	 -465 	 -520 	 147	 158 	 -517
27061 	 68410 	 0 	 0 	 0 	 -2 	 -472 	 -518 	 126	 153 	 -516
27062 	 68411 	 0 	 0 	 0 	 0 	 -472 	 -517 	 125	 151 	 -516
27063 	 68411 	 0 	 0 	 0 	 1 	 -478 	 -516 	 105	 147 	 -517
27064 	 68413 	 0 	 0 	 0 	 3 	 -478 	 -514 	 63	 144 	 -517
27065 	 68413 	 0 	 0 	 0 	 3 	 -472 	 -514 	 63	 141 	 -517
27067 	 68411 	 0 	 0 	 0 	 1 	 -485 	 -516 	 128	 143 	 -517
27068 	 68411 	 0 	 0 	 0 	 0 	 -478 	 -517 	 51	 143 	 -517
27069 	 68411 	 0 	 0 	 0 	 0 	 -478 	 -517 	 51	 143 	 -517
27070 	 68411 	 0 	 0 	 0 	 0 	 -485 	 -517 	 44	 145 	 -516
27071 	 68411 	 0 	 0 	 0 	 0 	 -485 	 -517 	 29	 144 	 -517
27072 	 68411 	 0 	 0 	 0 	 0 	 -491 	 -517 	 24	 145 	 -517
27073 	 68411 	 0 	 0 	 0 	 0 	 -485 	 -517 	 24	 145 	 -517
27073 	 68411 	 0 	 0 	 0 	 0 	 -485 	 -517 	 24	 145 	 -517
27075 	 68411 	 0 	 0 	 0 	 0 	 -485 	 -517 	 23	 145 	 -518
27076 	 68413 	 0 	 0 	 0 	 1 	 -478 	 -516 	 21	 143 	 -518
27078 	 68413 	 0 	 0 	 0 	 1 	 -485 	 -516 	 43	 141 	 -518
27078 	 68413 	 0 	 0 	 0 	 1 	 -485 	 -516 	 43	 141 	 -518
27081 	 68411 	 0 	 0 	 0 	 0 	 -472 	 -517 	 29	 139 	 -517
27083 	 68410 	 0 	 0 	 0 	 -2 	 -465 	 -518 	 93	 135 	 -514
27083 	 68410 	 0 	 0 	 0 	 -2 	 -465 	 -518 	 93	 135 	 -514
27084 	 68410 	 0 	 0 	 0 	 -2 	 -465 	 -518 	 112	 132 	 -514
27084 	 68410 	 0 	 0 	 0 	 -2 	 -465 	 -518 	 112	 132 	 -514
27086 	 68409 	 0 	 0 	 0 	 -5 	 -465 	 -521 	 109	 123 	 -517
27086 	 68409 	 0 	 0 	 0 	 -5 	 -465 	 -521 	 109	 123 	 -517
27087 	 68408 	 0 	 0 	 0 	 -5 	 -465 	 -521 	 81	 122 	 -517
27087 	 68408 	 0 	 0 	 0 	 -5 	 -465 	 -521 	 81	 122 	 -517
27088 	 68409 	 0 	 0 	 0 	 -1 	 -472 	 -517 	 92	 119 	 -517
27090 	 68411 	 0 	 0 	 0 	 1 	 -485 	 -516 	 53	 115 	 -517
27091 	 68411 	 0 	 0 	 0 	 1 	 -498 	 -516 	 70	 116 	 -517
27093 	 68410 	 0 	 0 	 0 	 4 	 -478 	 -513 	 91	 117 	 -517
27094 	 68410 	 0 	 0 	 0 	 2 	 -485 	 -515 	 91	 117 	 -517
27095 	 68409 	 0 	 0 	 0 	 0 	 -465 	 -517 	 74	 117 	 -516
27097 	 68410 	 0 	 0 	 0 	 0 	 -465 	 -517 	 114	 115 	 -516
27098 	 68410 	 0 	 0 	 0 	 0 	 -472 	 -517 	 114	 113 	 -517
27099 	 68410 	 0 	 0 	 0 	 0 	 -472 	 -517 	 28	 111 	 -518
27100 	 68409 	 0 	 0 	 0 	 -1 	 -478 	 -517 	 -4	 110 	 -518
27102 	 68411 	 0 	 0 	 0 	 4 	 -485 	 -513 	 64	 107 	 -518
27103 	 68411 	 0 	 0 	 0 	 1 	 -491 	 -516 	 27	 104 	 -521
27106 	 68413 	 0 	 0 	 0 	 6 	 -498 	 -511 	 0	 107 	 -521
27107 	 68413 	 0 	 0 	 0 	 3 	 -505 	 -514 	 0	 110 	 -521
27108 	 68413 	 0 	 0 	 0 	 1 	 -498 	 -516 	 -2	 112 	 -521
27109 	 68411 	 0 	 0 	 0 	 0 	 -485 	 -517 	 -2	 117 	 -517
27110 	 68411 	 0 	 0 	 0 	 0 	 -485 	 -517 	 62	 118 	 -516
27111 	 68411 	 0 	 0 	 0 	 0 	 -478 	 -517 	 59	 117 	 -516
27112 	 68411 	 0 	 0 	 0 	 0 	 -478 	 -517 	 42	 115 	 -516
27113 	 68410 	 0 	 0 	 0 	 -2 	 -472 	 -518 	 33	 116 	 -513
27114 	 68410 	 0 	 0 	 0 	 -2 	 -478 	 -518 	 33	 110 	 -517
27115 	 68411 	 0 	 0 	 0 	 0 	 -472 	 -517 	 61	 108 	 -517
27116 	 68411 	 0 	 0 	 0 	 0 	 -472 	 -517 	 -15	 104 	 -517
27116 	 68411 	 0 	 0 	 0 	 0 	 -472 	 -517 	 -15	 104 	 -517
27119 	 68411 	 0 	 0 	 0 	 1 	 -472 	 -516 	 -15	 94 	 -517
27121 	 68409 	 0 	 0 	 0 	 -3 	 -458 	 -519 	 53	 92 	 -513
27121 	 68409 	 0 	 0 	 0 	 -3 	 -458 	 -519 	 53	 92 	 -513
27122 	 68409 	 0 	 0 	 0 	 -3 	 -458 	 -519 	 58	 86 	 -516
27123 	 68409 	 0 	 0 	 0 	 -3 	 -472 	 -519 	 93	 90 	 -511
27125 	 68410 	 0 	 0 	 0 	 0 	 -472 	 -517 	 30	 82 	 -516
