0.0000 	 0.0000 	 0.0000 	 0 	 0 	 -4.7719 	 -10.1592 	 2.6228 	 -0.8747 	 0.3876 	 0.9857
0.0000 	 0.0000 	 0.0000 	 0 	 0 	 -4.7978 	 -10.2065 	 2.6225 	 -0.8761 	 0.3878 	 0.9857
0.0000 	 0.0000 	 0.0000 	 0 	 0 	 -4.7680 	 -10.2222 	 2.6624 	 -0.8769 	 0.3875 	 0.9850
0.0000 	 0.0000 	 0.0000 	 0 	 0 	 -4.7664 	 -10.2224 	 2.6591 	 -0.8769 	 0.3874 	 0.9841
0.0000 	 0.0000 	 0.0000 	 0 	 0 	 -4.7659 	 -10.1918 	 2.7372 	 -0.8755 	 0.3887 	 0.9822
0.0000 	 0.0000 	 0.0000 	 0 	 0 	 -4.7933 	 -10.1752 	 2.6931 	 -0.8752 	 0.3881 	 0.9816
0.0000 	 0.0000 	 0.0000 	 0 	 0 	 -4.7629 	 -10.1599 	 2.6457 	 -0.8751 	 0.3871 	 0.9796
0.0000 	 0.0000 	 0.0000 	 0 	 0 	 -4.7905 	 -10.1437 	 2.6422 	 -0.8745 	 0.3864 	 0.9787
0.0000 	 0.0000 	 0.0000 	 0 	 0 	 -4.7904 	 -10.1768 	 2.5991 	 -0.8734 	 0.3857 	 0.9776
0.0000 	 0.0000 	 0.0000 	 0 	 0 	 -4.7891 	 -10.1450 	 2.5934 	 -0.8723 	 0.3842 	 0.9762
0.0000 	 0.0000 	 0.0000 	 0 	 0 	 -4.7613 	 -10.1301 	 2.6337 	 -0.8715 	 0.3862 	 0.9754
0.0000 	 0.0000 	 0.0000 	 0 	 0 	 -4.7609 	 -10.1315 	 2.6302 	 -0.8704 	 0.3862 	 0.9742
0.0000 	 0.0000 	 0.0000 	 0 	 0 	 -4.7581 	 -10.1309 	 2.6673 	 -0.8708 	 0.3855 	 0.9727
0.0000 	 0.0000 	 0.0000 	 0 	 0 	 -4.7306 	 -10.1161 	 2.6243 	 -0.8700 	 0.3859 	 0.9721
0.0000 	 0.0000 	 0.0000 	 0 	 0 	 -4.7305 	 -10.1159 	 2.5828 	 -0.8700 	 0.3852 	 0.9721
0.0000 	 0.0000 	 0.0000 	 0 	 0 	 -4.7580 	 -10.0997 	 2.6214 	 -0.8692 	 0.3847 	 0.9713
0.0000 	 0.0000 	 0.0000 	 0 	 0 	 -4.7872 	 -10.0833 	 2.6222 	 -0.8694 	 0.3852 	 0.9715
0.0000 	 0.0000 	 0.0000 	 0 	 0 	 -4.7580 	 -10.1316 	 2.6232 	 -0.8704 	 0.3861 	 0.9715
0.0000 	 0.0000 	 0.0000 	 0 	 0 	 -4.7854 	 -10.1144 	 2.6237 	 -0.8716 	 0.3861 	 0.9719
0.0000 	 0.0000 	 0.0000 	 0 	 0 	 -4.7859 	 -10.1465 	 2.6247 	 -0.8711 	 0.3852 	 0.9726
0.0000 	 0.0000 	 0.0000 	 0 	 0 	 -4.7855 	 -10.1146 	 2.6230 	 -0.8709 	 0.3852 	 0.9719
0.0000 	 0.0000 	 0.0000 	 0 	 0 	 -4.7569 	 -10.1309 	 2.6224 	 -0.8708 	 0.3847 	 0.9715
0.0000 	 0.0000 	 0.0000 	 0 	 0 	 -4.7854 	 -10.1144 	 2.6237 	 -0.8716 	 0.3861 	 0.9719
0.0000 	 0.0000 	 0.0000 	 0 	 0 	 -4.7548 	 -10.1298 	 2.6223 	 -0.8728 	 0.3859 	 0.9718
0.0000 	 0.0000 	 0.0000 	 0 	 0 	 -4.7833 	 -10.1145 	 2.6620 	 -0.8720 	 0.3882 	 0.9707
0.0000 	 0.0000 	 0.0000 	 0 	 0 	 -4.7530 	 -10.0971 	 2.7038 	 -0.8742 	 0.3873 	 0.9712
0.0000 	 0.0000 	 0.0000 	 0 	 0 	 -4.7821 	 -10.1131 	 2.7476 	 -0.8743 	 0.3885 	 0.9720
0.0000 	 0.0000 	 0.0000 	 0 	 0 	 -4.7820 	 -10.1444 	 2.6664 	 -0.8749 	 0.3882 	 0.9727
0.0000 	 0.0000 	 0.0000 	 0 	 0 	 -4.7550 	 -10.0958 	 2.7107 	 -0.8755 	 0.3873 	 0.9739
0.0000 	 0.0000 	 0.0000 	 0 	 0 	 -4.7545 	 -10.1275 	 2.6711 	 -0.8762 	 0.3880 	 0.9741
0.0000 	 0.0000 	 0.0000 	 0 	 0 	 -4.7573 	 -10.1281 	 2.6339 	 -0.8758 	 0.3882 	 0.9753
0.0000 	 0.0000 	 0.0000 	 0 	 0 	 -4.7588 	 -10.1281 	 2.6788 	 -0.8758 	 0.3889 	 0.9768
0.0000 	 0.0000 	 0.0000 	 0 	 0 	 -4.7587 	 -10.1279 	 2.6795 	 -0.8762 	 0.3903 	 0.9765
0.0000 	 0.0000 	 0.0000 	 0 	 0 	 -4.7614 	 -10.1272 	 2.6454 	 -0.8769 	 0.3908 	 0.9792
0.0000 	 0.0000 	 0.0000 	 0 	 0 	 -4.7640 	 -10.1279 	 2.6915 	 -0.8762 	 0.3924 	 0.9802
0.0000 	 0.0000 	 0.0000 	 0 	 0 	 -4.7931 	 -10.1107 	 2.7780 	 -0.8770 	 0.3930 	 0.9821
0.0000 	 0.0000 	 0.0000 	 0 	 0 	 -4.8249 	 -10.0942 	 2.7419 	 -0.8759 	 0.3938 	 0.9835
0.0000 	 0.0000 	 0.0000 	 0 	 0 	 -4.7705 	 -10.0951 	 2.7461 	 -0.8762 	 0.3932 	 0.9847
0.0000 	 0.0000 	 0.0000 	 0 	 0 	 -4.7998 	 -10.1105 	 2.6646 	 -0.8754 	 0.3910 	 0.9855
0.0000 	 0.0000 	 0.0000 	 0 	 0 	 -4.7753 	 -10.0951 	 2.6291 	 -0.8747 	 0.3913 	 0.9871
0.0000 	 0.0000 	 0.0000 	 0 	 0 	 -4.8046 	 -10.1105 	 2.5895 	 -0.8750 	 0.3905 	 0.9882
0.0000 	 0.0000 	 0.0000 	 0 	 0 	 -4.8063 	 -10.1425 	 2.5948 	 -0.8752 	 0.3908 	 0.9898
0.0000 	 0.0000 	 0.0000 	 0 	 0 	 -4.7520 	 -10.1433 	 2.5985 	 -0.8743 	 0.3892 	 0.9907
0.0000 	 0.0000 	 0.0000 	 0 	 0 	 -4.7533 	 -10.1440 	 2.5989 	 -0.8730 	 0.3893 	 0.9907
0.0000 	 0.0000 	 0.0000 	 0 	 0 	 -4.7563 	 -10.1128 	 2.6014 	 -0.8717 	 0.3893 	 0.9915
0.0000 	 0.0000 	 0.0000 	 0 	 0 	 -4.7280 	 -10.0974 	 2.5985 	 -0.8709 	 0.3877 	 0.9906
0.0000 	 0.0000 	 0.0000 	 0 	 0 	 -4.7556 	 -10.0810 	 2.5955 	 -0.8701 	 0.3869 	 0.9901
0.0000 	 0.0000 	 0.0000 	 0 	 0 	 -4.7553 	 -10.0491 	 2.5938 	 -0.8697 	 0.3869 	 0.9894
0.0000 	 0.0000 	 0.0000 	 0 	 0 	 -4.7568 	 -10.0497 	 2.5941 	 -0.8686 	 0.3869 	 0.9894
0.0000 	 0.0000 	 0.0000 	 0 	 0 	 -4.7554 	 -10.0499 	 2.5905 	 -0.8686 	 0.3869 	 0.9884
0.0000 	 0.0000 	 0.0000 	 0 	 0 	 -4.7274 	 -10.0352 	 2.5475 	 -0.8678 	 0.3868 	 0.9873
0.0000 	 0.0000 	 0.0000 	 0 	 0 	 -4.7247 	 -10.0026 	 2.6248 	 -0.8680 	 0.3874 	 0.9860
0.0000 	 0.0000 	 0.0000 	 0 	 0 	 -4.7195 	 -10.0351 	 2.6158 	 -0.8691 	 0.3885 	 0.9825
0.0000 	 0.0000 	 0.0000 	 0 	 0 	 -4.7465 	 -10.0187 	 2.6130 	 -0.8687 	 0.3887 	 0.9817
0.0000 	 0.0000 	 0.0000 	 0 	 0 	 -4.7437 	 -9.9868 	 2.7318 	 -0.8692 	 0.3898 	 0.9803
0.0000 	 0.0000 	 0.0000 	 0 	 0 	 -4.7389 	 -10.0183 	 2.6844 	 -0.8707 	 0.3890 	 0.9781
0.0000 	 0.0000 	 0.0000 	 0 	 0 	 -4.7083 	 -10.0346 	 2.6802 	 -0.8715 	 0.3897 	 0.9767
0.0000 	 0.0000 	 0.0000 	 0 	 0 	 -4.7323 	 -10.0177 	 2.7149 	 -0.8730 	 0.3908 	 0.9747
0.0000 	 0.0000 	 0.0000 	 0 	 0 	 -4.7296 	 -10.0495 	 2.7537 	 -0.8736 	 0.3902 	 0.9739
0.0000 	 0.0000 	 0.0000 	 0 	 0 	 -4.7288 	 -10.0826 	 2.7525 	 -0.8738 	 0.3925 	 0.9731
0.0000 	 0.0000 	 0.0000 	 0 	 0 	 -4.7531 	 -10.0650 	 2.7045 	 -0.8750 	 0.3921 	 0.9711
0.0000 	 0.0000 	 0.0000 	 0 	 0 	 -4.7518 	 -10.0968 	 2.7879 	 -0.8759 	 0.3922 	 0.9713
0.0000 	 0.0000 	 0.0000 	 0 	 0 	 -4.7790 	 -10.1123 	 2.7040 	 -0.8767 	 0.3923 	 0.9711
0.0000 	 0.0000 	 0.0000 	 0 	 0 	 -4.7760 	 -10.1441 	 2.7428 	 -0.8778 	 0.3917 	 0.9703
0.0000 	 0.0000 	 0.0000 	 0 	 0 	 -4.7755 	 -10.1117 	 2.7415 	 -0.8783 	 0.3931 	 0.9697
0.0000 	 0.0000 	 0.0000 	 0 	 0 	 -4.7746 	 -10.1435 	 2.8252 	 -0.8789 	 0.3932 	 0.9704
0.0000 	 0.0000 	 0.0000 	 0 	 0 	 -4.7739 	 -10.1433 	 2.8259 	 -0.8798 	 0.3946 	 0.9701
0.0000 	 0.0000 	 0.0000 	 0 	 0 	 -4.7724 	 -10.1421 	 2.8253 	 -0.8812 	 0.3943 	 0.9701
0.0000 	 0.0000 	 0.0000 	 0 	 0 	 -4.7738 	 -10.1428 	 2.8264 	 -0.8802 	 0.3957 	 0.9701
0.0000 	 0.0000 	 0.0000 	 0 	 0 	 -4.8013 	 -10.1575 	 2.8283 	 -0.8819 	 0.3959 	 0.9710
0.0000 	 0.0000 	 0.0000 	 0 	 0 	 -4.8030 	 -10.1251 	 2.7472 	 -0.8815 	 0.3944 	 0.9720
0.0000 	 0.0000 	 0.0000 	 0 	 0 	 -4.8320 	 -10.1404 	 2.7496 	 -0.8816 	 0.3946 	 0.9729
0.0000 	 0.0000 	 0.0000 	 0 	 0 	 -4.7786 	 -10.1419 	 2.7539 	 -0.8803 	 0.3940 	 0.9738
0.0000 	 0.0000 	 0.0000 	 0 	 0 	 -4.8082 	 -10.1900 	 2.7986 	 -0.8799 	 0.3941 	 0.9750
0.0000 	 0.0000 	 0.0000 	 0 	 0 	 -4.7822 	 -10.1741 	 2.8039 	 -0.8801 	 0.3939 	 0.9766
0.0000 	 0.0000 	 0.0000 	 0 	 0 	 -4.7841 	 -10.1739 	 2.7660 	 -0.8801 	 0.3929 	 0.9778
0.0000 	 0.0000 	 0.0000 	 0 	 0 	 -4.7861 	 -10.1739 	 2.7691 	 -0.8792 	 0.3921 	 0.9793
0.0000 	 0.0000 	 0.0000 	 0 	 0 	 -4.7908 	 -10.1421 	 2.7753 	 -0.8776 	 0.3921 	 0.9813
0.0000 	 0.0000 	 0.0000 	 0 	 0 	 -4.7953 	 -10.1105 	 2.7399 	 -0.8763 	 0.3914 	 0.9833
0.0000 	 0.0000 	 0.0000 	 0 	 0 	 -4.7986 	 -10.1107 	 2.6608 	 -0.8750 	 0.3896 	 0.9842
0.0000 	 0.0000 	 0.0000 	 0 	 0 	 -4.7745 	 -10.1279 	 2.6260 	 -0.8735 	 0.3890 	 0.9865
0.0000 	 0.0000 	 0.0000 	 0 	 0 	 -4.7764 	 -10.0953 	 2.5864 	 -0.8733 	 0.3882 	 0.9870
0.0000 	 0.0000 	 0.0000 	 0 	 0 	 -4.7806 	 -10.0964 	 2.5081 	 -0.8713 	 0.3877 	 0.9885
0.0000 	 0.0000 	 0.0000 	 0 	 0 	 -4.7826 	 -10.0965 	 2.5945 	 -0.8709 	 0.3883 	 0.9897
0.0000 	 0.0000 	 0.0000 	 0 	 0 	 -4.7856 	 -10.0651 	 2.5971 	 -0.8693 	 0.3883 	 0.9905
0.0000 	 0.0000 	 0.0000 	 0 	 0 	 -4.7585 	 -10.0816 	 2.5581 	 -0.8692 	 0.3871 	 0.9913
0.0000 	 0.0000 	 0.0000 	 0 	 0 	 -4.7581 	 -10.0815 	 2.5999 	 -0.8692 	 0.3879 	 0.9913
0.0000 	 0.0000 	 0.0000 	 0 	 0 	 -4.7884 	 -10.0333 	 2.5582 	 -0.8682 	 0.3887 	 0.9913
0.0000 	 0.0000 	 0.0000 	 0 	 0 	 -4.7594 	 -10.0184 	 2.5973 	 -0.8674 	 0.3878 	 0.9902
0.0000 	 0.0000 	 0.0000 	 0 	 0 	 -4.7598 	 -10.0180 	 2.5558 	 -0.8674 	 0.3871 	 0.9902
0.0000 	 0.0000 	 0.0000 	 0 	 0 	 -4.7318 	 -10.0032 	 2.5128 	 -0.8667 	 0.3875 	 0.9894
0.0000 	 0.0000 	 0.0000 	 0 	 0 	 -4.7581 	 -9.9866 	 2.5919 	 -0.8668 	 0.3869 	 0.9886
0.0000 	 0.0000 	 0.0000 	 0 	 0 	 -4.7567 	 -9.9861 	 2.4641 	 -0.8672 	 0.3855 	 0.9873
0.0000 	 0.0000 	 0.0000 	 0 	 0 	 -4.7259 	 -9.9708 	 2.5411 	 -0.8671 	 0.3868 	 0.9853
0.0000 	 0.0000 	 0.0000 	 0 	 0 	 -4.6957 	 -9.9870 	 2.6226 	 -0.8679 	 0.3872 	 0.9851
0.0000 	 0.0000 	 0.0000 	 0 	 0 	 -4.7194 	 -9.9705 	 2.6989 	 -0.8694 	 0.3886 	 0.9829
0.0000 	 0.0000 	 0.0000 	 0 	 0 	 -4.7162 	 -10.0027 	 2.6520 	 -0.8700 	 0.3892 	 0.9809
0.0000 	 0.0000 	 0.0000 	 0 	 0 	 -4.7130 	 -10.0025 	 2.7309 	 -0.8709 	 0.3896 	 0.9797
0.0000 	 0.0000 	 0.0000 	 0 	 0 	 -4.7385 	 -10.0500 	 2.6867 	 -0.8723 	 0.3913 	 0.9788
0.0000 	 0.0000 	 0.0000 	 0 	 0 	 -4.7629 	 -10.0974 	 2.6823 	 -0.8733 	 0.3901 	 0.9773
0.0000 	 0.0000 	 0.0000 	 0 	 0 	 -4.7614 	 -10.0962 	 2.6820 	 -0.8746 	 0.3903 	 0.9773
0.0000 	 0.0000 	 0.0000 	 0 	 0 	 -4.7593 	 -10.0967 	 2.7201 	 -0.8755 	 0.3920 	 0.9761
0.0000 	 0.0000 	 0.0000 	 0 	 0 	 -4.7582 	 -10.1286 	 2.6767 	 -0.8758 	 0.3912 	 0.9753
0.0000 	 0.0000 	 0.0000 	 0 	 0 	 -4.8085 	 -10.2227 	 2.6722 	 -0.8791 	 0.3919 	 0.9744
0.0000 	 0.0000 	 0.0000 	 0 	 0 	 -4.7782 	 -10.2071 	 2.7525 	 -0.8796 	 0.3918 	 0.9736
0.0000 	 0.0000 	 0.0000 	 0 	 0 	 -4.8053 	 -10.1908 	 2.7910 	 -0.8792 	 0.3927 	 0.9728
0.0000 	 0.0000 	 0.0000 	 0 	 0 	 -4.7730 	 -10.1746 	 2.7848 	 -0.8805 	 0.3924 	 0.9708
0.0000 	 0.0000 	 0.0000 	 0 	 0 	 -4.8014 	 -10.1589 	 2.7828 	 -0.8797 	 0.3938 	 0.9697
0.0000 	 0.0000 	 0.0000 	 0 	 0 	 -4.8003 	 -10.1582 	 2.7820 	 -0.8806 	 0.3929 	 0.9697
0.0000 	 0.0000 	 0.0000 	 0 	 0 	 -4.7729 	 -10.1431 	 2.7388 	 -0.8789 	 0.3917 	 0.9689
0.0000 	 0.0000 	 0.0000 	 0 	 0 	 -4.7721 	 -10.1424 	 2.7381 	 -0.8798 	 0.3908 	 0.9689
0.0000 	 0.0000 	 0.0000 	 0 	 0 	 -4.7734 	 -10.1431 	 2.6969 	 -0.8785 	 0.3900 	 0.9691
0.0000 	 0.0000 	 0.0000 	 0 	 0 	 -4.8025 	 -10.1591 	 2.7406 	 -0.8786 	 0.3907 	 0.9697
0.0000 	 0.0000 	 0.0000 	 0 	 0 	 -4.8039 	 -10.1589 	 2.7442 	 -0.8786 	 0.3910 	 0.9709
0.0000 	 0.0000 	 0.0000 	 0 	 0 	 -4.8056 	 -10.1277 	 2.7429 	 -0.8770 	 0.3910 	 0.9705
0.0000 	 0.0000 	 0.0000 	 0 	 0 	 -4.8074 	 -10.1592 	 2.7067 	 -0.8773 	 0.3903 	 0.9723
0.0000 	 0.0000 	 0.0000 	 0 	 0 	 -4.8102 	 -10.1596 	 2.6695 	 -0.8763 	 0.3904 	 0.9733
0.0000 	 0.0000 	 0.0000 	 0 	 0 	 -4.8123 	 -10.1597 	 2.6309 	 -0.8759 	 0.3886 	 0.9745
0.0000 	 0.0000 	 0.0000 	 0 	 0 	 -4.7879 	 -10.1448 	 2.6780 	 -0.8745 	 0.3892 	 0.9761
0.0000 	 0.0000 	 0.0000 	 0 	 0 	 -4.7610 	 -10.1614 	 2.6801 	 -0.8740 	 0.3878 	 0.9769
0.0000 	 0.0000 	 0.0000 	 0 	 0 	 -4.7635 	 -10.1293 	 2.6418 	 -0.8728 	 0.3885 	 0.9777
0.0000 	 0.0000 	 0.0000 	 0 	 0 	 -4.7670 	 -10.1299 	 2.6042 	 -0.8715 	 0.3878 	 0.9789
0.0000 	 0.0000 	 0.0000 	 0 	 0 	 -4.7681 	 -10.0980 	 2.6479 	 -0.8713 	 0.3885 	 0.9797
0.0000 	 0.0000 	 0.0000 	 0 	 0 	 -4.7146 	 -10.0670 	 2.6097 	 -0.8707 	 0.3885 	 0.9805
0.0000 	 0.0000 	 0.0000 	 0 	 0 	 -4.7168 	 -10.0672 	 2.6546 	 -0.8698 	 0.3879 	 0.9817
0.0000 	 0.0000 	 0.0000 	 0 	 0 	 -4.7468 	 -10.0182 	 2.6992 	 -0.8694 	 0.3888 	 0.9829
0.0000 	 0.0000 	 0.0000 	 0 	 0 	 -4.7770 	 -10.0343 	 2.6604 	 -0.8691 	 0.3894 	 0.9837
0.0000 	 0.0000 	 0.0000 	 0 	 0 	 -4.7790 	 -10.0660 	 2.5408 	 -0.8693 	 0.3875 	 0.9853
0.0000 	 0.0000 	 0.0000 	 0 	 0 	 -4.7518 	 -10.0504 	 2.5840 	 -0.8690 	 0.3880 	 0.9857
0.0000 	 0.0000 	 0.0000 	 0 	 0 	 -4.7535 	 -10.0506 	 2.6284 	 -0.8686 	 0.3874 	 0.9872
0.0000 	 0.0000 	 0.0000 	 0 	 0 	 -4.7538 	 -10.0504 	 2.5869 	 -0.8686 	 0.3869 	 0.9872
0.0000 	 0.0000 	 0.0000 	 0 	 0 	 -4.7533 	 -10.0498 	 2.5461 	 -0.8690 	 0.3870 	 0.9872
0.0000 	 0.0000 	 0.0000 	 0 	 0 	 -4.7247 	 -10.0987 	 2.5464 	 -0.8696 	 0.3869 	 0.9872
0.0000 	 0.0000 	 0.0000 	 0 	 0 	 -4.7798 	 -10.0974 	 2.5869 	 -0.8700 	 0.3869 	 0.9872
0.0000 	 0.0000 	 0.0000 	 0 	 0 	 -4.7218 	 -10.0970 	 2.5871 	 -0.8716 	 0.3867 	 0.9872
0.0000 	 0.0000 	 0.0000 	 0 	 0 	 -4.7488 	 -10.0810 	 2.6671 	 -0.8712 	 0.3881 	 0.9864
0.0000 	 0.0000 	 0.0000 	 0 	 0 	 -4.7468 	 -10.0810 	 2.6642 	 -0.8721 	 0.3895 	 0.9850
0.0000 	 0.0000 	 0.0000 	 0 	 0 	 -4.7724 	 -10.0640 	 2.7438 	 -0.8731 	 0.3909 	 0.9842
0.0000 	 0.0000 	 0.0000 	 0 	 0 	 -4.7712 	 -10.1284 	 2.6603 	 -0.8735 	 0.3895 	 0.9838
0.0000 	 0.0000 	 0.0000 	 0 	 0 	 -4.7694 	 -10.0957 	 2.7413 	 -0.8746 	 0.3909 	 0.9834
0.0000 	 0.0000 	 0.0000 	 0 	 0 	 -4.7391 	 -10.1109 	 2.6989 	 -0.8761 	 0.3900 	 0.9830
0.0000 	 0.0000 	 0.0000 	 0 	 0 	 -4.7379 	 -10.1104 	 2.7397 	 -0.8770 	 0.3898 	 0.9830
0.0000 	 0.0000 	 0.0000 	 0 	 0 	 -4.7351 	 -10.1418 	 2.7371 	 -0.8786 	 0.3898 	 0.9822
0.0000 	 0.0000 	 0.0000 	 0 	 0 	 -4.7622 	 -10.1578 	 2.7358 	 -0.8784 	 0.3900 	 0.9821
0.0000 	 0.0000 	 0.0000 	 0 	 0 	 -4.7610 	 -10.2223 	 2.7350 	 -0.8791 	 0.3900 	 0.9814
0.0000 	 0.0000 	 0.0000 	 0 	 0 	 -4.7595 	 -10.1890 	 2.7332 	 -0.8800 	 0.3900 	 0.9813
0.0000 	 0.0000 	 0.0000 	 0 	 0 	 -4.7590 	 -10.2223 	 2.7316 	 -0.8798 	 0.3909 	 0.9805
0.0000 	 0.0000 	 0.0000 	 0 	 0 	 -4.7865 	 -10.2052 	 2.7734 	 -0.8803 	 0.3907 	 0.9807
0.0000 	 0.0000 	 0.0000 	 0 	 0 	 -4.7606 	 -10.1897 	 2.7340 	 -0.8796 	 0.3909 	 0.9813
0.0000 	 0.0000 	 0.0000 	 0 	 0 	 -4.7596 	 -10.1892 	 2.7325 	 -0.8796 	 0.3886 	 0.9813
0.0000 	 0.0000 	 0.0000 	 0 	 0 	 -4.7613 	 -10.2217 	 2.6517 	 -0.8791 	 0.3885 	 0.9814
0.0000 	 0.0000 	 0.0000 	 0 	 0 	 -4.7615 	 -10.2216 	 2.5689 	 -0.8791 	 0.3868 	 0.9814
0.0000 	 0.0000 	 0.0000 	 0 	 0 	 -4.7618 	 -10.1894 	 2.5670 	 -0.8780 	 0.3856 	 0.9810
0.0000 	 0.0000 	 0.0000 	 0 	 0 	 -4.7342 	 -10.1749 	 2.6064 	 -0.8768 	 0.3864 	 0.9801
0.0000 	 0.0000 	 0.0000 	 0 	 0 	 -4.7085 	 -10.1609 	 2.6910 	 -0.8747 	 0.3863 	 0.9808
0.0000 	 0.0000 	 0.0000 	 0 	 0 	 -4.7371 	 -10.1443 	 2.6918 	 -0.8743 	 0.3865 	 0.9809
0.0000 	 0.0000 	 0.0000 	 0 	 0 	 -4.7375 	 -10.1439 	 2.6503 	 -0.8743 	 0.3858 	 0.9809
0.0000 	 0.0000 	 0.0000 	 0 	 0 	 -4.7125 	 -10.0965 	 2.6546 	 -0.8733 	 0.3870 	 0.9824
0.0000 	 0.0000 	 0.0000 	 0 	 0 	 -4.7420 	 -10.1125 	 2.6979 	 -0.8728 	 0.3866 	 0.9829
0.0000 	 0.0000 	 0.0000 	 0 	 0 	 -4.7160 	 -10.1296 	 2.6600 	 -0.8725 	 0.3868 	 0.9837
0.0000 	 0.0000 	 0.0000 	 0 	 0 	 -4.7449 	 -10.1131 	 2.6608 	 -0.8721 	 0.3872 	 0.9844
0.0000 	 0.0000 	 0.0000 	 0 	 0 	 -4.7191 	 -10.1296 	 2.5391 	 -0.8712 	 0.3846 	 0.9851
0.0000 	 0.0000 	 0.0000 	 0 	 0 	 -4.7194 	 -10.1623 	 2.6234 	 -0.8704 	 0.3852 	 0.9853
0.0000 	 0.0000 	 0.0000 	 0 	 0 	 -4.7202 	 -10.1303 	 2.5399 	 -0.8702 	 0.3860 	 0.9851
0.0000 	 0.0000 	 0.0000 	 0 	 0 	 -4.7481 	 -10.1452 	 2.5413 	 -0.8710 	 0.3848 	 0.9860
0.0000 	 0.0000 	 0.0000 	 0 	 0 	 -4.7766 	 -10.1299 	 2.5808 	 -0.8702 	 0.3869 	 0.9852
0.0000 	 0.0000 	 0.0000 	 0 	 0 	 -4.7765 	 -10.1297 	 2.5393 	 -0.8702 	 0.3861 	 0.9852
0.0000 	 0.0000 	 0.0000 	 0 	 0 	 -4.7197 	 -10.0665 	 2.6619 	 -0.8698 	 0.3879 	 0.9844
0.0000 	 0.0000 	 0.0000 	 0 	 0 	 -4.7475 	 -10.0824 	 2.6187 	 -0.8701 	 0.3874 	 0.9837
0.0000 	 0.0000 	 0.0000 	 0 	 0 	 -4.7182 	 -10.0989 	 2.6594 	 -0.8700 	 0.3882 	 0.9836
0.0000 	 0.0000 	 0.0000 	 0 	 0 	 -4.7748 	 -10.0661 	 2.6572 	 -0.8693 	 0.3874 	 0.9832
0.0000 	 0.0000 	 0.0000 	 0 	 0 	 -4.7730 	 -10.0661 	 2.6538 	 -0.8697 	 0.3885 	 0.9817
0.0000 	 0.0000 	 0.0000 	 0 	 0 	 -4.7728 	 -10.0988 	 2.5696 	 -0.8693 	 0.3882 	 0.9811
0.0000 	 0.0000 	 0.0000 	 0 	 0 	 -4.7696 	 -10.0986 	 2.6483 	 -0.8699 	 0.3885 	 0.9797
0.0000 	 0.0000 	 0.0000 	 0 	 0 	 -4.7665 	 -10.0982 	 2.6441 	 -0.8713 	 0.3885 	 0.9787
0.0000 	 0.0000 	 0.0000 	 0 	 0 	 -4.7639 	 -10.0980 	 2.7230 	 -0.8722 	 0.3886 	 0.9775
0.0000 	 0.0000 	 0.0000 	 0 	 0 	 -4.7909 	 -10.1453 	 2.6402 	 -0.8732 	 0.3887 	 0.9775
0.0000 	 0.0000 	 0.0000 	 0 	 0 	 -4.7332 	 -10.1133 	 2.6808 	 -0.8741 	 0.3890 	 0.9769
0.0000 	 0.0000 	 0.0000 	 0 	 0 	 -4.7602 	 -10.1610 	 2.6812 	 -0.8751 	 0.3901 	 0.9772
0.0000 	 0.0000 	 0.0000 	 0 	 0 	 -4.7887 	 -10.1449 	 2.6377 	 -0.8745 	 0.3907 	 0.9761
0.0000 	 0.0000 	 0.0000 	 0 	 0 	 -4.7587 	 -10.1607 	 2.6359 	 -0.8751 	 0.3893 	 0.9759
0.0000 	 0.0000 	 0.0000 	 0 	 0 	 -4.7849 	 -10.2085 	 2.7184 	 -0.8763 	 0.3899 	 0.9760
0.0000 	 0.0000 	 0.0000 	 0 	 0 	 -4.7857 	 -10.1767 	 2.6760 	 -0.8751 	 0.3906 	 0.9753
0.0000 	 0.0000 	 0.0000 	 0 	 0 	 -4.7827 	 -10.2081 	 2.6735 	 -0.8767 	 0.3906 	 0.9745
0.0000 	 0.0000 	 0.0000 	 0 	 0 	 -4.7816 	 -10.1758 	 2.7543 	 -0.8771 	 0.3906 	 0.9744
0.0000 	 0.0000 	 0.0000 	 0 	 0 	 -4.7814 	 -10.1754 	 2.7131 	 -0.8771 	 0.3899 	 0.9743
0.0000 	 0.0000 	 0.0000 	 0 	 0 	 -4.8073 	 -10.1902 	 2.7111 	 -0.8788 	 0.3903 	 0.9737
0.0000 	 0.0000 	 0.0000 	 0 	 0 	 -4.7818 	 -10.1755 	 2.6715 	 -0.8771 	 0.3891 	 0.9743
0.0000 	 0.0000 	 0.0000 	 0 	 0 	 -4.7546 	 -10.1600 	 2.7555 	 -0.8764 	 0.3895 	 0.9745
0.0000 	 0.0000 	 0.0000 	 0 	 0 	 -4.7561 	 -10.1926 	 2.6332 	 -0.8762 	 0.3885 	 0.9748
0.0000 	 0.0000 	 0.0000 	 0 	 0 	 -4.7851 	 -10.2079 	 2.6351 	 -0.8763 	 0.3884 	 0.9759
0.0000 	 0.0000 	 0.0000 	 0 	 0 	 -4.7567 	 -10.2239 	 2.6372 	 -0.8768 	 0.3871 	 0.9767
0.0000 	 0.0000 	 0.0000 	 0 	 0 	 -4.7584 	 -10.1915 	 2.6389 	 -0.8762 	 0.3862 	 0.9775
0.0000 	 0.0000 	 0.0000 	 0 	 0 	 -4.7590 	 -10.1919 	 2.6385 	 -0.8755 	 0.3848 	 0.9775
0.0000 	 0.0000 	 0.0000 	 0 	 0 	 -4.7317 	 -10.1759 	 2.6401 	 -0.8755 	 0.3849 	 0.9776
0.0000 	 0.0000 	 0.0000 	 0 	 0 	 -4.7344 	 -10.1441 	 2.6013 	 -0.8743 	 0.3850 	 0.9787
0.0000 	 0.0000 	 0.0000 	 0 	 0 	 -4.7359 	 -10.1443 	 2.6467 	 -0.8743 	 0.3858 	 0.9797
0.0000 	 0.0000 	 0.0000 	 0 	 0 	 -4.7385 	 -10.1125 	 2.6494 	 -0.8737 	 0.3872 	 0.9808
0.0000 	 0.0000 	 0.0000 	 0 	 0 	 -4.7125 	 -10.0965 	 2.6546 	 -0.8733 	 0.3870 	 0.9824
0.0000 	 0.0000 	 0.0000 	 0 	 0 	 -4.7145 	 -10.1297 	 2.6146 	 -0.8725 	 0.3860 	 0.9825
0.0000 	 0.0000 	 0.0000 	 0 	 0 	 -4.7450 	 -10.1126 	 2.6193 	 -0.8721 	 0.3865 	 0.9844
0.0000 	 0.0000 	 0.0000 	 0 	 0 	 -4.6904 	 -10.1454 	 2.6246 	 -0.8726 	 0.3859 	 0.9857
0.0000 	 0.0000 	 0.0000 	 0 	 0 	 -4.7481 	 -10.1442 	 2.5861 	 -0.8723 	 0.3855 	 0.9872
0.0000 	 0.0000 	 0.0000 	 0 	 0 	 -4.7497 	 -10.1119 	 2.5886 	 -0.8724 	 0.3855 	 0.9878
0.0000 	 0.0000 	 0.0000 	 0 	 0 	 -4.7528 	 -10.1129 	 2.5923 	 -0.8708 	 0.3855 	 0.9893
0.0000 	 0.0000 	 0.0000 	 0 	 0 	 -4.7515 	 -10.1437 	 2.5518 	 -0.8723 	 0.3848 	 0.9894
0.0000 	 0.0000 	 0.0000 	 0 	 0 	 -4.7804 	 -10.1592 	 2.5543 	 -0.8727 	 0.3850 	 0.9905
0.0000 	 0.0000 	 0.0000 	 0 	 0 	 -4.7534 	 -10.1756 	 2.5571 	 -0.8726 	 0.3848 	 0.9913
0.0000 	 0.0000 	 0.0000 	 0 	 0 	 -4.7537 	 -10.1762 	 2.5979 	 -0.8721 	 0.3847 	 0.9913
0.0000 	 0.0000 	 0.0000 	 0 	 0 	 -4.7534 	 -10.1756 	 2.5571 	 -0.8726 	 0.3848 	 0.9913
0.0000 	 0.0000 	 0.0000 	 0 	 0 	 -4.7547 	 -10.1769 	 2.6402 	 -0.8712 	 0.3864 	 0.9913
0.0000 	 0.0000 	 0.0000 	 0 	 0 	 -4.7833 	 -10.1609 	 2.5552 	 -0.8707 	 0.3864 	 0.9905
0.0000 	 0.0000 	 0.0000 	 0 	 0 	 -4.7833 	 -10.1609 	 2.5552 	 -0.8707 	 0.3864 	 0.9905
0.0000 	 0.0000 	 0.0000 	 0 	 0 	 -4.7531 	 -10.1450 	 2.5939 	 -0.8710 	 0.3856 	 0.9894
0.0000 	 0.0000 	 0.0000 	 0 	 0 	 -4.7531 	 -10.1450 	 2.5939 	 -0.8710 	 0.3856 	 0.9894
0.0000 	 0.0000 	 0.0000 	 0 	 0 	 -4.7514 	 -10.1454 	 2.6318 	 -0.8710 	 0.3863 	 0.9884
0.0000 	 0.0000 	 0.0000 	 0 	 0 	 -4.7501 	 -10.1442 	 2.5893 	 -0.8719 	 0.3847 	 0.9884
0.0000 	 0.0000 	 0.0000 	 0 	 0 	 -4.7485 	 -10.1443 	 2.5449 	 -0.8723 	 0.3848 	 0.9872
0.0000 	 0.0000 	 0.0000 	 0 	 0 	 -4.7749 	 -10.1599 	 2.6251 	 -0.8727 	 0.3844 	 0.9866
0.0000 	 0.0000 	 0.0000 	 0 	 0 	 -4.7468 	 -10.1444 	 2.5828 	 -0.8723 	 0.3855 	 0.9858
0.0000 	 0.0000 	 0.0000 	 0 	 0 	 -4.7724 	 -10.1592 	 2.5808 	 -0.8740 	 0.3859 	 0.9856
0.0000 	 0.0000 	 0.0000 	 0 	 0 	 -4.7433 	 -10.1439 	 2.6204 	 -0.8739 	 0.3865 	 0.9846
0.0000 	 0.0000 	 0.0000 	 0 	 0 	 -4.7418 	 -10.1445 	 2.6583 	 -0.8739 	 0.3872 	 0.9836
0.0000 	 0.0000 	 0.0000 	 0 	 0 	 -4.7968 	 -10.1761 	 2.6966 	 -0.8734 	 0.3872 	 0.9828
0.0000 	 0.0000 	 0.0000 	 0 	 0 	 -4.7673 	 -10.1604 	 2.6530 	 -0.8740 	 0.3871 	 0.9817
0.0000 	 0.0000 	 0.0000 	 0 	 0 	 -4.7929 	 -10.1442 	 2.6884 	 -0.8736 	 0.3881 	 0.9800
0.0000 	 0.0000 	 0.0000 	 0 	 0 	 -4.7631 	 -10.1919 	 2.6054 	 -0.8755 	 0.3864 	 0.9797
0.0000 	 0.0000 	 0.0000 	 0 	 0 	 -4.7922 	 -10.1754 	 2.6475 	 -0.8747 	 0.3864 	 0.9801
0.0000 	 0.0000 	 0.0000 	 0 	 0 	 -4.7613 	 -10.1920 	 2.6433 	 -0.8755 	 0.3871 	 0.9787
0.0000 	 0.0000 	 0.0000 	 0 	 0 	 -4.7597 	 -10.2244 	 2.5998 	 -0.8758 	 0.3864 	 0.9777
0.0000 	 0.0000 	 0.0000 	 0 	 0 	 -4.7588 	 -10.2238 	 2.6399 	 -0.8758 	 0.3848 	 0.9777
0.0000 	 0.0000 	 0.0000 	 0 	 0 	 -4.7862 	 -10.2392 	 2.5974 	 -0.8765 	 0.3857 	 0.9775
0.0000 	 0.0000 	 0.0000 	 0 	 0 	 -4.7573 	 -10.2564 	 2.6380 	 -0.8760 	 0.3848 	 0.9768
0.0000 	 0.0000 	 0.0000 	 0 	 0 	 -4.7848 	 -10.2400 	 2.6352 	 -0.8756 	 0.3850 	 0.9760
0.0000 	 0.0000 	 0.0000 	 0 	 0 	 -4.7559 	 -10.2245 	 2.6329 	 -0.8758 	 0.3848 	 0.9755
0.0000 	 0.0000 	 0.0000 	 0 	 0 	 -4.7562 	 -10.1922 	 2.6311 	 -0.8746 	 0.3839 	 0.9748
0.0000 	 0.0000 	 0.0000 	 0 	 0 	 -4.7570 	 -10.1932 	 2.6318 	 -0.8742 	 0.3848 	 0.9748
0.0000 	 0.0000 	 0.0000 	 0 	 0 	 -4.7557 	 -10.1603 	 2.6709 	 -0.8744 	 0.3846 	 0.9746
0.0000 	 0.0000 	 0.0000 	 0 	 0 	 -4.7285 	 -10.1767 	 2.6737 	 -0.8748 	 0.3844 	 0.9754
0.0000 	 0.0000 	 0.0000 	 0 	 0 	 -4.7849 	 -10.2074 	 2.5922 	 -0.8754 	 0.3842 	 0.9759
0.0000 	 0.0000 	 0.0000 	 0 	 0 	 -4.7584 	 -10.1927 	 2.5941 	 -0.8746 	 0.3854 	 0.9760
0.0000 	 0.0000 	 0.0000 	 0 	 0 	 -4.7872 	 -10.2081 	 2.6379 	 -0.8750 	 0.3864 	 0.9769
0.0000 	 0.0000 	 0.0000 	 0 	 0 	 -4.7588 	 -10.2238 	 2.6399 	 -0.8758 	 0.3848 	 0.9777
0.0000 	 0.0000 	 0.0000 	 0 	 0 	 -4.7617 	 -10.2244 	 2.6030 	 -0.8748 	 0.3852 	 0.9789
0.0000 	 0.0000 	 0.0000 	 0 	 0 	 -4.7346 	 -10.2091 	 2.7282 	 -0.8741 	 0.3864 	 0.9795
0.0000 	 0.0000 	 0.0000 	 0 	 0 	 -4.7634 	 -10.2245 	 2.6892 	 -0.8744 	 0.3859 	 0.9803
0.0000 	 0.0000 	 0.0000 	 0 	 0 	 -4.7952 	 -10.1760 	 2.6097 	 -0.8734 	 0.3857 	 0.9816
0.0000 	 0.0000 	 0.0000 	 0 	 0 	 -4.7680 	 -10.1606 	 2.6528 	 -0.8731 	 0.3860 	 0.9817
0.0000 	 0.0000 	 0.0000 	 0 	 0 	 -4.7972 	 -10.1756 	 2.5720 	 -0.8734 	 0.3847 	 0.9825
0.0000 	 0.0000 	 0.0000 	 0 	 0 	 -4.7715 	 -10.1918 	 2.5782 	 -0.8733 	 0.3846 	 0.9845
0.0000 	 0.0000 	 0.0000 	 0 	 0 	 -4.7450 	 -10.1770 	 2.5803 	 -0.8725 	 0.3855 	 0.9852
0.0000 	 0.0000 	 0.0000 	 0 	 0 	 -4.7483 	 -10.1456 	 2.5829 	 -0.8710 	 0.3855 	 0.9857
0.0000 	 0.0000 	 0.0000 	 0 	 0 	 -4.7496 	 -10.1451 	 2.5865 	 -0.8710 	 0.3855 	 0.9872
0.0000 	 0.0000 	 0.0000 	 0 	 0 	 -4.7225 	 -10.1300 	 2.6289 	 -0.8702 	 0.3852 	 0.9873
0.0000 	 0.0000 	 0.0000 	 0 	 0 	 -4.7229 	 -10.1296 	 2.5874 	 -0.8702 	 0.3845 	 0.9873
0.0000 	 0.0000 	 0.0000 	 0 	 0 	 -4.7518 	 -10.1132 	 2.5882 	 -0.8704 	 0.3846 	 0.9880
0.0000 	 0.0000 	 0.0000 	 0 	 0 	 -4.7251 	 -10.0977 	 2.5080 	 -0.8700 	 0.3850 	 0.9881
0.0000 	 0.0000 	 0.0000 	 0 	 0 	 -4.7803 	 -10.0966 	 2.6308 	 -0.8700 	 0.3853 	 0.9884
0.0000 	 0.0000 	 0.0000 	 0 	 0 	 -4.7534 	 -10.1131 	 2.5918 	 -0.8704 	 0.3847 	 0.9892
0.0000 	 0.0000 	 0.0000 	 0 	 0 	 -4.7543 	 -10.1457 	 2.5943 	 -0.8699 	 0.3856 	 0.9894
0.0000 	 0.0000 	 0.0000 	 0 	 0 	 -4.7532 	 -10.1449 	 2.5935 	 -0.8706 	 0.3847 	 0.9894
0.0000 	 0.0000 	 0.0000 	 0 	 0 	 -4.7806 	 -10.1610 	 2.5919 	 -0.8707 	 0.3849 	 0.9892
0.0000 	 0.0000 	 0.0000 	 0 	 0 	 -4.7508 	 -10.1444 	 2.5891 	 -0.8710 	 0.3833 	 0.9882
0.0000 	 0.0000 	 0.0000 	 0 	 0 	 -4.7508 	 -10.1444 	 2.5891 	 -0.8710 	 0.3833 	 0.9882
0.0000 	 0.0000 	 0.0000 	 0 	 0 	 -4.7476 	 -10.1757 	 2.5451 	 -0.8726 	 0.3825 	 0.9873
0.0000 	 0.0000 	 0.0000 	 0 	 0 	 -4.7748 	 -10.1597 	 2.5838 	 -0.8727 	 0.3837 	 0.9866
0.0000 	 0.0000 	 0.0000 	 0 	 0 	 -4.7732 	 -10.1599 	 2.5802 	 -0.8727 	 0.3837 	 0.9853
0.0000 	 0.0000 	 0.0000 	 0 	 0 	 -4.7425 	 -10.1438 	 2.6604 	 -0.8739 	 0.3849 	 0.9846
0.0000 	 0.0000 	 0.0000 	 0 	 0 	 -4.7417 	 -10.1443 	 2.6167 	 -0.8739 	 0.3865 	 0.9836
0.0000 	 0.0000 	 0.0000 	 0 	 0 	 -4.7119 	 -10.1278 	 2.6137 	 -0.8745 	 0.3848 	 0.9825
0.0000 	 0.0000 	 0.0000 	 0 	 0 	 -4.7102 	 -10.1284 	 2.6514 	 -0.8745 	 0.3856 	 0.9816
0.0000 	 0.0000 	 0.0000 	 0 	 0 	 -4.7361 	 -10.1433 	 2.6910 	 -0.8752 	 0.3856 	 0.9809
0.0000 	 0.0000 	 0.0000 	 0 	 0 	 -4.7085 	 -10.1609 	 2.6910 	 -0.8747 	 0.3863 	 0.9808
0.0000 	 0.0000 	 0.0000 	 0 	 0 	 -4.7342 	 -10.1756 	 2.6478 	 -0.8759 	 0.3858 	 0.9801
0.0000 	 0.0000 	 0.0000 	 0 	 0 	 -4.7901 	 -10.1745 	 2.6474 	 -0.8768 	 0.3873 	 0.9802
0.0000 	 0.0000 	 0.0000 	 0 	 0 	 -4.7340 	 -10.1757 	 2.7305 	 -0.8759 	 0.3875 	 0.9801
0.0000 	 0.0000 	 0.0000 	 0 	 0 	 -4.7337 	 -10.1755 	 2.6897 	 -0.8768 	 0.3877 	 0.9801
0.0000 	 0.0000 	 0.0000 	 0 	 0 	 -4.7614 	 -10.1910 	 2.6881 	 -0.8766 	 0.3879 	 0.9800
0.0000 	 0.0000 	 0.0000 	 0 	 0 	 -4.7603 	 -10.1906 	 2.6873 	 -0.8776 	 0.3870 	 0.9800
0.0000 	 0.0000 	 0.0000 	 0 	 0 	 -4.7614 	 -10.1917 	 2.7294 	 -0.8762 	 0.3877 	 0.9800
0.0000 	 0.0000 	 0.0000 	 0 	 0 	 -4.7892 	 -10.2068 	 2.6447 	 -0.8763 	 0.3864 	 0.9796
0.0000 	 0.0000 	 0.0000 	 0 	 0 	 -4.7892 	 -10.2068 	 2.6447 	 -0.8763 	 0.3864 	 0.9796
0.0000 	 0.0000 	 0.0000 	 0 	 0 	 -4.7888 	 -10.1749 	 2.6851 	 -0.8758 	 0.3872 	 0.9789
0.0000 	 0.0000 	 0.0000 	 0 	 0 	 -4.7891 	 -10.2074 	 2.7276 	 -0.8754 	 0.3865 	 0.9796
0.0000 	 0.0000 	 0.0000 	 0 	 0 	 -4.7907 	 -10.2080 	 2.6451 	 -0.8750 	 0.3864 	 0.9796
0.0000 	 0.0000 	 0.0000 	 0 	 0 	 -4.7619 	 -10.1917 	 2.6875 	 -0.8755 	 0.3856 	 0.9797
0.0000 	 0.0000 	 0.0000 	 0 	 0 	 -4.7636 	 -10.1926 	 2.6875 	 -0.8742 	 0.3856 	 0.9797
0.0000 	 0.0000 	 0.0000 	 0 	 0 	 -4.7658 	 -10.1925 	 2.6511 	 -0.8742 	 0.3874 	 0.9809
0.0000 	 0.0000 	 0.0000 	 0 	 0 	 -4.7652 	 -10.1600 	 2.6900 	 -0.8740 	 0.3856 	 0.9808
0.0000 	 0.0000 	 0.0000 	 0 	 0 	 -4.7390 	 -10.1771 	 2.6936 	 -0.8734 	 0.3866 	 0.9816
0.0000 	 0.0000 	 0.0000 	 0 	 0 	 -4.7678 	 -10.1925 	 2.6540 	 -0.8733 	 0.3860 	 0.9824
0.0000 	 0.0000 	 0.0000 	 0 	 0 	 -4.7689 	 -10.1935 	 2.6548 	 -0.8729 	 0.3874 	 0.9824
0.0000 	 0.0000 	 0.0000 	 0 	 0 	 -4.7418 	 -10.1775 	 2.6564 	 -0.8725 	 0.3872 	 0.9825
0.0000 	 0.0000 	 0.0000 	 0 	 0 	 -4.7419 	 -10.1777 	 2.6560 	 -0.8721 	 0.3858 	 0.9825
0.0000 	 0.0000 	 0.0000 	 0 	 0 	 -4.7421 	 -10.1458 	 2.6543 	 -0.8719 	 0.3858 	 0.9823
0.0000 	 0.0000 	 0.0000 	 0 	 0 	 -4.7723 	 -10.0982 	 2.6955 	 -0.8699 	 0.3870 	 0.9824
0.0000 	 0.0000 	 0.0000 	 0 	 0 	 -4.7154 	 -10.0988 	 2.6965 	 -0.8709 	 0.3878 	 0.9823
0.0000 	 0.0000 	 0.0000 	 0 	 0 	 -4.7170 	 -10.0989 	 2.6143 	 -0.8700 	 0.3874 	 0.9823
0.0000 	 0.0000 	 0.0000 	 0 	 0 	 -4.7719 	 -10.1298 	 2.6144 	 -0.8711 	 0.3867 	 0.9825
0.0000 	 0.0000 	 0.0000 	 0 	 0 	 -4.7458 	 -10.1145 	 2.5752 	 -0.8703 	 0.3866 	 0.9831
0.0000 	 0.0000 	 0.0000 	 0 	 0 	 -4.7443 	 -10.0819 	 2.6976 	 -0.8705 	 0.3880 	 0.9825
0.0000 	 0.0000 	 0.0000 	 0 	 0 	 -4.7157 	 -10.1309 	 2.6982 	 -0.8711 	 0.3878 	 0.9825
0.0000 	 0.0000 	 0.0000 	 0 	 0 	 -4.7445 	 -10.1139 	 2.6575 	 -0.8707 	 0.3872 	 0.9832
0.0000 	 0.0000 	 0.0000 	 0 	 0 	 -4.7170 	 -10.0659 	 2.6161 	 -0.8714 	 0.3871 	 0.9832
0.0000 	 0.0000 	 0.0000 	 0 	 0 	 -4.7160 	 -10.0659 	 2.7395 	 -0.8714 	 0.3871 	 0.9829
0.0000 	 0.0000 	 0.0000 	 0 	 0 	 -4.7132 	 -10.0977 	 2.7783 	 -0.8720 	 0.3870 	 0.9824
0.0000 	 0.0000 	 0.0000 	 0 	 0 	 -4.7142 	 -10.0976 	 2.6962 	 -0.8720 	 0.3877 	 0.9824
0.0000 	 0.0000 	 0.0000 	 0 	 0 	 -4.7674 	 -10.1285 	 2.6931 	 -0.8735 	 0.3879 	 0.9816
0.0000 	 0.0000 	 0.0000 	 0 	 0 	 -4.7674 	 -10.1285 	 2.6931 	 -0.8735 	 0.3879 	 0.9816
0.0000 	 0.0000 	 0.0000 	 0 	 0 	 -4.7670 	 -10.1286 	 2.7346 	 -0.8738 	 0.3886 	 0.9816
0.0000 	 0.0000 	 0.0000 	 0 	 0 	 -4.7658 	 -10.1274 	 2.6515 	 -0.8749 	 0.3871 	 0.9816
0.0000 	 0.0000 	 0.0000 	 0 	 0 	 -4.7379 	 -10.1448 	 2.6930 	 -0.8743 	 0.3888 	 0.9809
0.0000 	 0.0000 	 0.0000 	 0 	 0 	 -4.7084 	 -10.1595 	 2.6940 	 -0.8760 	 0.3863 	 0.9817
0.0000 	 0.0000 	 0.0000 	 0 	 0 	 -4.7645 	 -10.1591 	 2.7350 	 -0.8760 	 0.3877 	 0.9820
0.0000 	 0.0000 	 0.0000 	 0 	 0 	 -4.7642 	 -10.1585 	 2.6941 	 -0.8764 	 0.3879 	 0.9820
0.0000 	 0.0000 	 0.0000 	 0 	 0 	 -4.7353 	 -10.2074 	 2.7363 	 -0.8770 	 0.3887 	 0.9820
0.0000 	 0.0000 	 0.0000 	 0 	 0 	 -4.7657 	 -10.1916 	 2.6963 	 -0.8762 	 0.3893 	 0.9822
0.0000 	 0.0000 	 0.0000 	 0 	 0 	 -4.7917 	 -10.2064 	 2.6939 	 -0.8770 	 0.3881 	 0.9821
0.0000 	 0.0000 	 0.0000 	 0 	 0 	 -4.7644 	 -10.1904 	 2.6130 	 -0.8776 	 0.3878 	 0.9822
0.0000 	 0.0000 	 0.0000 	 0 	 0 	 -4.7640 	 -10.1912 	 2.6094 	 -0.8762 	 0.3878 	 0.9809
0.0000 	 0.0000 	 0.0000 	 0 	 0 	 -4.7642 	 -10.1917 	 2.6509 	 -0.8762 	 0.3885 	 0.9810
0.0000 	 0.0000 	 0.0000 	 0 	 0 	 -4.7335 	 -10.1436 	 2.7296 	 -0.8766 	 0.3884 	 0.9800
0.0000 	 0.0000 	 0.0000 	 0 	 0 	 -4.7640 	 -10.1275 	 2.6894 	 -0.8748 	 0.3878 	 0.9801
0.0000 	 0.0000 	 0.0000 	 0 	 0 	 -4.7644 	 -10.0961 	 2.7706 	 -0.8742 	 0.3884 	 0.9800
0.0000 	 0.0000 	 0.0000 	 0 	 0 	 -4.7357 	 -10.1444 	 2.7297 	 -0.8743 	 0.3875 	 0.9797
0.0000 	 0.0000 	 0.0000 	 0 	 0 	 -4.7364 	 -10.1449 	 2.6476 	 -0.8743 	 0.3881 	 0.9797
0.0000 	 0.0000 	 0.0000 	 0 	 0 	 -4.7657 	 -10.1606 	 2.6494 	 -0.8740 	 0.3871 	 0.9808
0.0000 	 0.0000 	 0.0000 	 0 	 0 	 -4.7385 	 -10.1450 	 2.6926 	 -0.8739 	 0.3879 	 0.9809
0.0000 	 0.0000 	 0.0000 	 0 	 0 	 -4.7395 	 -10.1456 	 2.6518 	 -0.8732 	 0.3881 	 0.9809
0.0000 	 0.0000 	 0.0000 	 0 	 0 	 -4.7416 	 -10.1132 	 2.6536 	 -0.8721 	 0.3872 	 0.9817
0.0000 	 0.0000 	 0.0000 	 0 	 0 	 -4.7402 	 -10.1457 	 2.6507 	 -0.8719 	 0.3858 	 0.9809
0.0000 	 0.0000 	 0.0000 	 0 	 0 	 -4.7693 	 -10.1288 	 2.5685 	 -0.8715 	 0.3845 	 0.9815
0.0000 	 0.0000 	 0.0000 	 0 	 0 	 -4.7408 	 -10.1140 	 2.6491 	 -0.8707 	 0.3849 	 0.9804
0.0000 	 0.0000 	 0.0000 	 0 	 0 	 -4.7415 	 -10.0828 	 2.6900 	 -0.8701 	 0.3865 	 0.9803
0.0000 	 0.0000 	 0.0000 	 0 	 0 	 -4.7419 	 -10.1145 	 2.6499 	 -0.8703 	 0.3858 	 0.9804
0.0000 	 0.0000 	 0.0000 	 0 	 0 	 -4.7141 	 -10.1317 	 2.5665 	 -0.8695 	 0.3853 	 0.9802
0.0000 	 0.0000 	 0.0000 	 0 	 0 	 -4.7693 	 -10.1305 	 2.6485 	 -0.8704 	 0.3863 	 0.9803
0.0000 	 0.0000 	 0.0000 	 0 	 0 	 -4.7426 	 -10.1150 	 2.6511 	 -0.8703 	 0.3881 	 0.9805
0.0000 	 0.0000 	 0.0000 	 0 	 0 	 -4.7696 	 -10.0980 	 2.6931 	 -0.8713 	 0.3893 	 0.9809
0.0000 	 0.0000 	 0.0000 	 0 	 0 	 -4.7425 	 -10.1139 	 2.6543 	 -0.8717 	 0.3881 	 0.9817
0.0000 	 0.0000 	 0.0000 	 0 	 0 	 -4.7698 	 -10.1299 	 2.6527 	 -0.8715 	 0.3886 	 0.9816
0.0000 	 0.0000 	 0.0000 	 0 	 0 	 -4.7686 	 -10.1294 	 2.6935 	 -0.8724 	 0.3879 	 0.9816
0.0000 	 0.0000 	 0.0000 	 0 	 0 	 -4.7401 	 -10.1458 	 2.6514 	 -0.8723 	 0.3872 	 0.9809
0.0000 	 0.0000 	 0.0000 	 0 	 0 	 -4.7398 	 -10.1137 	 2.7330 	 -0.8721 	 0.3884 	 0.9808
0.0000 	 0.0000 	 0.0000 	 0 	 0 	 -4.7379 	 -10.1139 	 2.7294 	 -0.8721 	 0.3884 	 0.9795
0.0000 	 0.0000 	 0.0000 	 0 	 0 	 -4.7652 	 -10.0974 	 2.6853 	 -0.8729 	 0.3892 	 0.9787
0.0000 	 0.0000 	 0.0000 	 0 	 0 	 -4.7626 	 -10.1288 	 2.6826 	 -0.8738 	 0.3878 	 0.9779
0.0000 	 0.0000 	 0.0000 	 0 	 0 	 -4.7894 	 -10.1442 	 2.6401 	 -0.8745 	 0.3884 	 0.9773
0.0000 	 0.0000 	 0.0000 	 0 	 0 	 -4.7633 	 -10.0972 	 2.6408 	 -0.8733 	 0.3893 	 0.9773
0.0000 	 0.0000 	 0.0000 	 0 	 0 	 -4.7606 	 -10.1288 	 2.6791 	 -0.8744 	 0.3892 	 0.9767
0.0000 	 0.0000 	 0.0000 	 0 	 0 	 -4.7602 	 -10.1292 	 2.7209 	 -0.8744 	 0.3897 	 0.9767
0.0000 	 0.0000 	 0.0000 	 0 	 0 	 -4.7316 	 -10.1125 	 2.7220 	 -0.8754 	 0.3897 	 0.9772
0.0000 	 0.0000 	 0.0000 	 0 	 0 	 -4.7314 	 -10.1444 	 2.7231 	 -0.8756 	 0.3898 	 0.9773
0.0000 	 0.0000 	 0.0000 	 0 	 0 	 -4.7588 	 -10.1272 	 2.7236 	 -0.8768 	 0.3897 	 0.9780
0.0000 	 0.0000 	 0.0000 	 0 	 0 	 -4.7878 	 -10.1427 	 2.7261 	 -0.8769 	 0.3899 	 0.9786
0.0000 	 0.0000 	 0.0000 	 0 	 0 	 -4.7616 	 -10.1592 	 2.6883 	 -0.8773 	 0.3915 	 0.9794
0.0000 	 0.0000 	 0.0000 	 0 	 0 	 -4.7340 	 -10.1437 	 2.6899 	 -0.8772 	 0.3913 	 0.9800
0.0000 	 0.0000 	 0.0000 	 0 	 0 	 -4.7617 	 -10.1585 	 2.7329 	 -0.8780 	 0.3909 	 0.9806
0.0000 	 0.0000 	 0.0000 	 0 	 0 	 -4.7617 	 -10.1585 	 2.7329 	 -0.8780 	 0.3909 	 0.9806
0.0000 	 0.0000 	 0.0000 	 0 	 0 	 -4.7634 	 -10.1596 	 2.7748 	 -0.8764 	 0.3917 	 0.9806
0.0000 	 0.0000 	 0.0000 	 0 	 0 	 -4.7632 	 -10.1597 	 2.7333 	 -0.8764 	 0.3909 	 0.9809
0.0000 	 0.0000 	 0.0000 	 0 	 0 	 -4.7635 	 -10.0946 	 2.7748 	 -0.8766 	 0.3905 	 0.9813
0.0000 	 0.0000 	 0.0000 	 0 	 0 	 -4.7380 	 -10.0794 	 2.7347 	 -0.8755 	 0.3898 	 0.9814
0.0000 	 0.0000 	 0.0000 	 0 	 0 	 -4.7089 	 -10.1281 	 2.7356 	 -0.8756 	 0.3894 	 0.9816
0.0000 	 0.0000 	 0.0000 	 0 	 0 	 -4.7394 	 -10.1125 	 2.6949 	 -0.8741 	 0.3888 	 0.9818
0.0000 	 0.0000 	 0.0000 	 0 	 0 	 -4.7122 	 -10.1287 	 2.6565 	 -0.8745 	 0.3879 	 0.9828
0.0000 	 0.0000 	 0.0000 	 0 	 0 	 -4.7157 	 -10.1290 	 2.6186 	 -0.8731 	 0.3874 	 0.9837
0.0000 	 0.0000 	 0.0000 	 0 	 0 	 -4.6882 	 -10.1141 	 2.7026 	 -0.8724 	 0.3873 	 0.9844
0.0000 	 0.0000 	 0.0000 	 0 	 0 	 -4.6898 	 -10.1142 	 2.6206 	 -0.8715 	 0.3872 	 0.9844
0.0000 	 0.0000 	 0.0000 	 0 	 0 	 -4.7464 	 -10.1131 	 2.4955 	 -0.8717 	 0.3854 	 0.9844
0.0000 	 0.0000 	 0.0000 	 0 	 0 	 -4.7464 	 -10.1131 	 2.4955 	 -0.8717 	 0.3854 	 0.9844
0.0000 	 0.0000 	 0.0000 	 0 	 0 	 -4.7445 	 -10.0807 	 2.6591 	 -0.8721 	 0.3872 	 0.9837
0.0000 	 0.0000 	 0.0000 	 0 	 0 	 -4.6898 	 -10.0827 	 2.6603 	 -0.8708 	 0.3866 	 0.9837
0.0000 	 0.0000 	 0.0000 	 0 	 0 	 -4.7172 	 -10.0976 	 2.5763 	 -0.8716 	 0.3867 	 0.9836
0.0000 	 0.0000 	 0.0000 	 0 	 0 	 -4.7458 	 -10.0499 	 2.6995 	 -0.8703 	 0.3879 	 0.9836
0.0000 	 0.0000 	 0.0000 	 0 	 0 	 -4.7459 	 -10.0493 	 2.6169 	 -0.8710 	 0.3873 	 0.9836
0.0000 	 0.0000 	 0.0000 	 0 	 0 	 -4.7444 	 -10.0814 	 2.6150 	 -0.8715 	 0.3873 	 0.9825
0.0000 	 0.0000 	 0.0000 	 0 	 0 	 -4.7445 	 -10.0818 	 2.6143 	 -0.8705 	 0.3864 	 0.9825
0.0000 	 0.0000 	 0.0000 	 0 	 0 	 -4.7428 	 -10.1137 	 2.6126 	 -0.8717 	 0.3873 	 0.9817
0.0000 	 0.0000 	 0.0000 	 0 	 0 	 -4.7702 	 -10.1297 	 2.6114 	 -0.8715 	 0.3875 	 0.9816
0.0000 	 0.0000 	 0.0000 	 0 	 0 	 -4.7685 	 -10.0966 	 2.6510 	 -0.8729 	 0.3885 	 0.9809
0.0000 	 0.0000 	 0.0000 	 0 	 0 	 -4.7395 	 -10.1136 	 2.6917 	 -0.8727 	 0.3891 	 0.9808
0.0000 	 0.0000 	 0.0000 	 0 	 0 	 -4.7367 	 -10.1133 	 2.7288 	 -0.8737 	 0.3884 	 0.9796
0.0000 	 0.0000 	 0.0000 	 0 	 0 	 -4.7635 	 -10.1286 	 2.6866 	 -0.8744 	 0.3892 	 0.9789
0.0000 	 0.0000 	 0.0000 	 0 	 0 	 -4.7624 	 -10.0961 	 2.7672 	 -0.8746 	 0.3896 	 0.9788
0.0000 	 0.0000 	 0.0000 	 0 	 0 	 -4.7606 	 -10.1281 	 2.7239 	 -0.8758 	 0.3897 	 0.9780
0.0000 	 0.0000 	 0.0000 	 0 	 0 	 -4.7604 	 -10.1279 	 2.6824 	 -0.8758 	 0.3892 	 0.9780
0.0000 	 0.0000 	 0.0000 	 0 	 0 	 -4.7880 	 -10.1115 	 2.6796 	 -0.8754 	 0.3891 	 0.9772
0.0000 	 0.0000 	 0.0000 	 0 	 0 	 -4.7590 	 -10.1280 	 2.7203 	 -0.8758 	 0.3897 	 0.9768
0.0000 	 0.0000 	 0.0000 	 0 	 0 	 -4.7590 	 -10.1280 	 2.7203 	 -0.8758 	 0.3897 	 0.9768
0.0000 	 0.0000 	 0.0000 	 0 	 0 	 -4.7861 	 -10.1440 	 2.7192 	 -0.8756 	 0.3899 	 0.9761
0.0000 	 0.0000 	 0.0000 	 0 	 0 	 -4.7864 	 -10.1436 	 2.6777 	 -0.8756 	 0.3891 	 0.9761
0.0000 	 0.0000 	 0.0000 	 0 	 0 	 -4.7861 	 -10.1440 	 2.7192 	 -0.8756 	 0.3899 	 0.9761
0.0000 	 0.0000 	 0.0000 	 0 	 0 	 -4.7860 	 -10.1754 	 2.6380 	 -0.8767 	 0.3898 	 0.9765
0.0000 	 0.0000 	 0.0000 	 0 	 0 	 -4.7861 	 -10.1758 	 2.6795 	 -0.8767 	 0.3906 	 0.9765
0.0000 	 0.0000 	 0.0000 	 0 	 0 	 -4.7588 	 -10.1598 	 2.6807 	 -0.8764 	 0.3901 	 0.9772
0.0000 	 0.0000 	 0.0000 	 0 	 0 	 -4.7602 	 -10.1280 	 2.7657 	 -0.8758 	 0.3905 	 0.9780
0.0000 	 0.0000 	 0.0000 	 0 	 0 	 -4.7892 	 -10.1754 	 2.7280 	 -0.8767 	 0.3913 	 0.9792
0.0000 	 0.0000 	 0.0000 	 0 	 0 	 -4.8196 	 -10.1914 	 2.6065 	 -0.8759 	 0.3902 	 0.9800
0.0000 	 0.0000 	 0.0000 	 0 	 0 	 -4.7921 	 -10.1440 	 2.6893 	 -0.8752 	 0.3906 	 0.9800
0.0000 	 0.0000 	 0.0000 	 0 	 0 	 -4.7624 	 -10.1599 	 2.6877 	 -0.8760 	 0.3893 	 0.9793
0.0000 	 0.0000 	 0.0000 	 0 	 0 	 -4.7073 	 -10.0975 	 2.7270 	 -0.8742 	 0.3896 	 0.9788
0.0000 	 0.0000 	 0.0000 	 0 	 0 	 -4.7373 	 -10.0813 	 2.6456 	 -0.8735 	 0.3892 	 0.9789
0.0000 	 0.0000 	 0.0000 	 0 	 0 	 -4.7377 	 -10.0818 	 2.7284 	 -0.8725 	 0.3898 	 0.9789
0.0000 	 0.0000 	 0.0000 	 0 	 0 	 -4.7674 	 -10.0973 	 2.6488 	 -0.8729 	 0.3908 	 0.9800
0.0000 	 0.0000 	 0.0000 	 0 	 0 	 -4.7966 	 -10.1129 	 2.6510 	 -0.8730 	 0.3910 	 0.9808
0.0000 	 0.0000 	 0.0000 	 0 	 0 	 -4.7971 	 -10.1120 	 2.6539 	 -0.8736 	 0.3896 	 0.9820
0.0000 	 0.0000 	 0.0000 	 0 	 0 	 -4.7713 	 -10.0972 	 2.6138 	 -0.8722 	 0.3887 	 0.9824
0.0000 	 0.0000 	 0.0000 	 0 	 0 	 -4.7152 	 -10.0664 	 2.6958 	 -0.8714 	 0.3886 	 0.9817
0.0000 	 0.0000 	 0.0000 	 0 	 0 	 -4.7130 	 -10.0983 	 2.6941 	 -0.8720 	 0.3900 	 0.9809
0.0000 	 0.0000 	 0.0000 	 0 	 0 	 -4.7682 	 -10.0974 	 2.7758 	 -0.8726 	 0.3908 	 0.9810
0.0000 	 0.0000 	 0.0000 	 0 	 0 	 -4.7678 	 -10.0966 	 2.6929 	 -0.8733 	 0.3901 	 0.9810
0.0000 	 0.0000 	 0.0000 	 0 	 0 	 -4.7389 	 -10.1132 	 2.6921 	 -0.8737 	 0.3900 	 0.9808
0.0000 	 0.0000 	 0.0000 	 0 	 0 	 -4.7669 	 -10.1291 	 2.6905 	 -0.8728 	 0.3893 	 0.9801
0.0000 	 0.0000 	 0.0000 	 0 	 0 	 -4.7665 	 -10.0972 	 2.6889 	 -0.8729 	 0.3892 	 0.9800
0.0000 	 0.0000 	 0.0000 	 0 	 0 	 -4.7364 	 -10.1138 	 2.6432 	 -0.8727 	 0.3883 	 0.9781
0.0000 	 0.0000 	 0.0000 	 0 	 0 	 -4.7621 	 -10.0657 	 2.6349 	 -0.8717 	 0.3870 	 0.9756
0.0000 	 0.0000 	 0.0000 	 0 	 0 	 -4.7594 	 -10.0664 	 2.6688 	 -0.8710 	 0.3866 	 0.9734
0.0000 	 0.0000 	 0.0000 	 0 	 0 	 -4.7284 	 -10.0835 	 2.5782 	 -0.8705 	 0.3860 	 0.9705
0.0000 	 0.0000 	 0.0000 	 0 	 0 	 -4.7227 	 -10.1169 	 2.5650 	 -0.8700 	 0.3851 	 0.9660
0.0000 	 0.0000 	 0.0000 	 0 	 0 	 -4.7022 	 -10.1183 	 2.5601 	 -0.8696 	 0.3797 	 0.9510
0.0000 	 0.0000 	 0.0000 	 0 	 0 	 -4.6988 	 -10.1370 	 2.6159 	 -0.8696 	 0.3775 	 0.9289
0.0000 	 0.0000 	 0.0000 	 0 	 0 	 -4.6984 	 -10.1559 	 2.5931 	 -0.8687 	 0.3745 	 0.9074
0.0000 	 0.0000 	 0.0000 	 0 	 0 	 -4.6922 	 -10.1755 	 2.6412 	 -0.8683 	 0.3709 	 0.8828
0.0000 	 0.0000 	 0.0000 	 0 	 0 	 -4.7094 	 -10.2113 	 2.5953 	 -0.8674 	 0.3685 	 0.8539
0.0000 	 0.0000 	 0.0000 	 0 	 0 	 -4.7565 	 -10.2811 	 2.5324 	 -0.8665 	 0.3631 	 0.8055
0.0000 	 0.0000 	 0.0000 	 0 	 0 	 -4.7764 	 -10.2718 	 2.5511 	 -0.8646 	 0.3592 	 0.7573
0.0000 	 0.0000 	 0.0000 	 0 	 0 	 -4.7310 	 -10.2961 	 2.6354 	 -0.8628 	 0.3531 	 0.7030
0.0000 	 0.0000 	 0.0000 	 0 	 0 	 -4.7362 	 -10.2693 	 2.5569 	 -0.8604 	 0.3480 	 0.6632
0.0000 	 0.0000 	 0.0000 	 0 	 0 	 -4.7060 	 -10.1334 	 2.5364 	 -0.8545 	 0.3415 	 0.6157
0.0000 	 0.0000 	 0.0000 	 0 	 0 	 -4.6598 	 -9.8436 	 2.4165 	 -0.8401 	 0.3308 	 0.5486
0.0000 	 0.0000 	 0.0000 	 0 	 0 	 -4.5653 	 -9.4269 	 2.2204 	 -0.8222 	 0.3184 	 0.4833
0.0000 	 0.0000 	 0.0000 	 0 	 0 	 -4.5457 	 -9.1952 	 2.2148 	 -0.8135 	 0.3131 	 0.4406
0.0000 	 0.0000 	 0.0000 	 0 	 0 	 -4.5620 	 -9.0371 	 2.1641 	 -0.8138 	 0.3117 	 0.4103
0.0000 	 0.0000 	 0.0000 	 0 	 0 	 -4.6224 	 -9.0341 	 2.3181 	 -0.8230 	 0.3139 	 0.3802
0.0000 	 0.0000 	 0.0000 	 0 	 0 	 -4.7885 	 -9.2844 	 2.5623 	 -0.8399 	 0.3223 	 0.3519
0.0000 	 0.0000 	 0.0000 	 0 	 0 	 -5.0457 	 -9.8142 	 3.0106 	 -0.8738 	 0.3411 	 0.3230
0.0000 	 0.0000 	 0.0000 	 0 	 0 	 -5.2419 	 -10.3314 	 3.2041 	 -0.9006 	 0.3527 	 0.3055
0.0000 	 0.0000 	 0.0000 	 0 	 0 	 -5.3832 	 -10.6460 	 3.1766 	 -0.9137 	 0.3585 	 0.2961
0.0000 	 0.0000 	 0.0000 	 0 	 0 	 -5.4064 	 -10.8231 	 2.9611 	 -0.9142 	 0.3561 	 0.2928
0.0000 	 0.0000 	 0.0000 	 0 	 0 	 -5.3195 	 -10.8425 	 2.6551 	 -0.9094 	 0.3471 	 0.2875
0.0000 	 0.0000 	 0.0000 	 0 	 0 	 -5.1927 	 -10.8179 	 2.3116 	 -0.9008 	 0.3326 	 0.2696
0.0000 	 0.0000 	 0.0000 	 0 	 0 	 -5.0499 	 -10.6944 	 2.2318 	 -0.8953 	 0.3168 	 0.2445
0.0000 	 0.0000 	 0.0000 	 0 	 0 	 -4.8629 	 -10.5689 	 2.2268 	 -0.8922 	 0.3035 	 0.2305
0.0000 	 0.0000 	 0.0000 	 0 	 0 	 -4.7394 	 -10.4418 	 2.3230 	 -0.8903 	 0.2933 	 0.2226
0.0000 	 0.0000 	 0.0000 	 0 	 0 	 -4.6424 	 -10.3312 	 2.4988 	 -0.8879 	 0.2871 	 0.2129
0.0000 	 0.0000 	 0.0000 	 0 	 0 	 -4.5458 	 -10.2207 	 2.5931 	 -0.8872 	 0.2837 	 0.2035
0.0000 	 0.0000 	 0.0000 	 0 	 0 	 -4.6373 	 -10.2212 	 2.6724 	 -0.8880 	 0.2854 	 0.1889
0.0000 	 0.0000 	 0.0000 	 0 	 0 	 -4.8535 	 -10.2953 	 2.9074 	 -0.8994 	 0.2958 	 0.1714
0.0000 	 0.0000 	 0.0000 	 0 	 0 	 -4.6581 	 -10.6556 	 3.1368 	 -0.9207 	 0.2861 	 0.1539
0.0000 	 0.0000 	 0.0000 	 0 	 0 	 -4.5639 	 -10.9406 	 3.2579 	 -0.9348 	 0.2863 	 0.1393
0.0000 	 0.0000 	 0.0000 	 0 	 0 	 -4.5611 	 -11.0463 	 3.3035 	 -0.9475 	 0.2852 	 0.1279
0.0000 	 0.0000 	 0.0000 	 0 	 0 	 -4.6571 	 -11.3004 	 3.1614 	 -0.9548 	 0.2886 	 0.1215
0.0000 	 0.0000 	 0.0000 	 0 	 0 	 -4.8934 	 -11.5056 	 3.0119 	 -0.9598 	 0.2947 	 0.1130
0.0000 	 0.0000 	 0.0000 	 0 	 0 	 -5.1079 	 -11.5309 	 3.0869 	 -0.9672 	 0.3014 	 0.1110
0.0000 	 0.0000 	 0.0000 	 0 	 0 	 -4.9812 	 -11.6852 	 3.2967 	 -0.9794 	 0.2973 	 0.1131
0.0000 	 0.0000 	 0.0000 	 0 	 0 	 -4.8975 	 -11.7782 	 3.4671 	 -0.9881 	 0.2938 	 0.1025
0.0000 	 0.0000 	 0.0000 	 0 	 0 	 -4.7979 	 -11.7661 	 3.5553 	 -0.9857 	 0.2893 	 0.0903
0.0000 	 0.0000 	 0.0000 	 0 	 0 	 -4.8285 	 -11.7246 	 3.3290 	 -0.9760 	 0.2881 	 0.0830
0.0000 	 0.0000 	 0.0000 	 0 	 0 	 -4.8897 	 -11.6349 	 3.0606 	 -0.9648 	 0.2862 	 0.0753
0.0000 	 0.0000 	 0.0000 	 0 	 0 	 -5.4545 	 -9.1182 	 3.6186 	 -0.8590 	 0.3139 	 -0.0466
0.0000 	 0.0000 	 0.0000 	 0 	 0 	 -5.5890 	 -8.9748 	 3.8870 	 -0.8566 	 0.3225 	 -0.0538
0.0000 	 0.0000 	 0.0000 	 0 	 0 	 -5.7402 	 -8.9103 	 4.0131 	 -0.8573 	 0.3285 	 -0.0667
0.0000 	 0.0000 	 0.0000 	 0 	 0 	 -5.7086 	 -8.8374 	 3.9432 	 -0.8484 	 0.3275 	 -0.0767
0.0000 	 0.0000 	 0.0000 	 0 	 0 	 -5.6317 	 -8.6691 	 3.7181 	 -0.8352 	 0.3208 	 -0.0838
0.0000 	 0.0000 	 0.0000 	 0 	 0 	 -5.4380 	 -8.5016 	 3.4863 	 -0.8221 	 0.3066 	 -0.0920
0.0000 	 0.0000 	 0.0000 	 0 	 0 	 -5.1277 	 -8.2711 	 3.3260 	 -0.8082 	 0.2871 	 -0.1035
0.0000 	 0.0000 	 0.0000 	 0 	 0 	 -4.8161 	 -8.0129 	 3.1932 	 -0.7888 	 0.2695 	 -0.1204
0.0000 	 0.0000 	 0.0000 	 0 	 0 	 -4.8562 	 -7.6237 	 2.9106 	 -0.7666 	 0.2638 	 -0.1323
0.0000 	 0.0000 	 0.0000 	 0 	 0 	 -5.0645 	 -7.3564 	 2.7725 	 -0.7534 	 0.2683 	 -0.1376
0.0000 	 0.0000 	 0.0000 	 0 	 0 	 -5.0912 	 -7.1833 	 2.9184 	 -0.7474 	 0.2705 	 -0.1444
0.0000 	 0.0000 	 0.0000 	 0 	 0 	 -5.0487 	 -7.1361 	 3.1395 	 -0.7482 	 0.2698 	 -0.1529
0.0000 	 0.0000 	 0.0000 	 0 	 0 	 -4.9357 	 -7.2144 	 3.5155 	 -0.7570 	 0.2699 	 -0.1643
0.0000 	 0.0000 	 0.0000 	 0 	 0 	 -5.0781 	 -7.4951 	 3.6627 	 -0.7720 	 0.2786 	 -0.1703
0.0000 	 0.0000 	 0.0000 	 0 	 0 	 -5.2545 	 -7.8560 	 3.6988 	 -0.7871 	 0.2866 	 -0.1720
0.0000 	 0.0000 	 0.0000 	 0 	 0 	 -5.3423 	 -8.2634 	 3.6925 	 -0.8053 	 0.2906 	 -0.1735
0.0000 	 0.0000 	 0.0000 	 0 	 0 	 -5.4011 	 -8.6544 	 3.7271 	 -0.8243 	 0.2922 	 -0.1751
0.0000 	 0.0000 	 0.0000 	 0 	 0 	 -5.3990 	 -9.1705 	 3.7685 	 -0.8484 	 0.2896 	 -0.1736
0.0000 	 0.0000 	 0.0000 	 0 	 0 	 -5.3226 	 -9.5452 	 3.7761 	 -0.8672 	 0.2847 	 -0.1698
0.0000 	 0.0000 	 0.0000 	 0 	 0 	 -5.2506 	 -9.7632 	 3.8154 	 -0.8791 	 0.2794 	 -0.1691
0.0000 	 0.0000 	 0.0000 	 0 	 0 	 -5.2316 	 -9.9834 	 3.8819 	 -0.8880 	 0.2754 	 -0.1735
0.0000 	 0.0000 	 0.0000 	 0 	 0 	 -5.2410 	 -10.1578 	 3.8152 	 -0.8939 	 0.2734 	 -0.1819
0.0000 	 0.0000 	 0.0000 	 0 	 0 	 -5.2169 	 -10.2852 	 3.7338 	 -0.8987 	 0.2704 	 -0.1949
0.0000 	 0.0000 	 0.0000 	 0 	 0 	 -5.2026 	 -10.4631 	 3.6933 	 -0.9019 	 0.2631 	 -0.2212
0.0000 	 0.0000 	 0.0000 	 0 	 0 	 -4.9676 	 -10.6113 	 3.7445 	 -0.9033 	 0.2486 	 -0.2446
0.0000 	 0.0000 	 0.0000 	 0 	 0 	 -4.9017 	 -10.7264 	 3.6675 	 -0.9050 	 0.2403 	 -0.2696
0.0000 	 0.0000 	 0.0000 	 0 	 0 	 -5.0627 	 -10.7423 	 3.6742 	 -0.9066 	 0.2415 	 -0.2945
0.0000 	 0.0000 	 0.0000 	 0 	 0 	 -5.2474 	 -10.8068 	 3.5885 	 -0.9091 	 0.2441 	 -0.3229
0.0000 	 0.0000 	 0.0000 	 0 	 0 	 -5.4512 	 -10.9989 	 3.7301 	 -0.9180 	 0.2484 	 -0.3715
0.0000 	 0.0000 	 0.0000 	 0 	 0 	 -5.6760 	 -11.0853 	 4.0117 	 -0.9224 	 0.2450 	 -0.4686
0.0000 	 0.0000 	 0.0000 	 0 	 0 	 -5.7445 	 -10.9810 	 4.0444 	 -0.9169 	 0.2389 	 -0.5257
0.0000 	 0.0000 	 0.0000 	 0 	 0 	 -5.7920 	 -10.9614 	 4.0426 	 -0.9061 	 0.2318 	 -0.5812
0.0000 	 0.0000 	 0.0000 	 0 	 0 	 -5.8312 	 -10.8453 	 3.8939 	 -0.8952 	 0.2219 	 -0.6442
0.0000 	 0.0000 	 0.0000 	 0 	 0 	 -5.8851 	 -10.5484 	 3.7415 	 -0.8695 	 0.2021 	 -0.7489
0.0000 	 0.0000 	 0.0000 	 0 	 0 	 -5.9241 	 -10.2055 	 3.5272 	 -0.8406 	 0.1836 	 -0.8473
0.0000 	 0.0000 	 0.0000 	 0 	 0 	 -5.9375 	 -9.8544 	 3.3954 	 -0.8184 	 0.1678 	 -0.9180
0.0000 	 0.0000 	 0.0000 	 0 	 0 	 -5.8660 	 -9.5867 	 3.2633 	 -0.7954 	 0.1512 	 -0.9891
0.0000 	 0.0000 	 0.0000 	 0 	 0 	 -5.9246 	 -9.1307 	 3.2784 	 -0.7666 	 0.1349 	 -1.0937
0.0000 	 0.0000 	 0.0000 	 0 	 0 	 -6.0312 	 -8.7395 	 3.3195 	 -0.7384 	 0.1201 	 -1.2032
0.0000 	 0.0000 	 0.0000 	 0 	 0 	 -6.0993 	 -8.4487 	 3.3677 	 -0.7235 	 0.1123 	 -1.2687
0.0000 	 0.0000 	 0.0000 	 0 	 0 	 -6.1460 	 -8.2395 	 3.3893 	 -0.7076 	 0.1055 	 -1.3304
0.0000 	 0.0000 	 0.0000 	 0 	 0 	 -6.2218 	 -8.0427 	 3.4640 	 -0.6958 	 0.0999 	 -1.3878
0.0000 	 0.0000 	 0.0000 	 0 	 0 	 -6.3622 	 -7.8971 	 3.4912 	 -0.6813 	 0.0924 	 -1.4606
0.0000 	 0.0000 	 0.0000 	 0 	 0 	 -6.4537 	 -7.8135 	 3.5838 	 -0.6705 	 0.0857 	 -1.5258
0.0000 	 0.0000 	 0.0000 	 0 	 0 	 -6.5202 	 -7.7906 	 3.5012 	 -0.6607 	 0.0773 	 -1.5664
0.0000 	 0.0000 	 0.0000 	 0 	 0 	 -6.4873 	 -7.7657 	 3.5384 	 -0.6534 	 0.0703 	 -1.5951
0.0000 	 0.0000 	 0.0000 	 0 	 0 	 -6.4080 	 -7.7398 	 3.4319 	 -0.6474 	 0.0607 	 -1.6168
0.0000 	 0.0000 	 0.0000 	 0 	 0 	 -6.2493 	 -7.8266 	 3.3842 	 -0.6417 	 0.0495 	 -1.6325
0.0000 	 0.0000 	 0.0000 	 0 	 0 	 -6.0897 	 -7.9443 	 3.2543 	 -0.6378 	 0.0364 	 -1.6479
0.0000 	 0.0000 	 0.0000 	 0 	 0 	 -6.0066 	 -8.1875 	 3.1795 	 -0.6371 	 0.0301 	 -1.6456
0.0000 	 0.0000 	 0.0000 	 0 	 0 	 -5.9346 	 -8.3622 	 3.1755 	 -0.6395 	 0.0268 	 -1.6331
0.0000 	 0.0000 	 0.0000 	 0 	 0 	 -6.0862 	 -9.1762 	 3.0746 	 -0.6804 	 0.0838 	 -1.3280
0.0000 	 0.0000 	 0.0000 	 0 	 0 	 -6.0578 	 -8.9916 	 3.1094 	 -0.6793 	 0.0960 	 -1.2489
0.0000 	 0.0000 	 0.0000 	 0 	 0 	 -6.0395 	 -8.7728 	 3.0413 	 -0.6799 	 0.1109 	 -1.1628
0.0000 	 0.0000 	 0.0000 	 0 	 0 	 -5.9989 	 -8.5509 	 3.0982 	 -0.6830 	 0.1329 	 -1.0495
0.0000 	 0.0000 	 0.0000 	 0 	 0 	 -6.0373 	 -8.3619 	 3.1226 	 -0.6868 	 0.1529 	 -0.9605
0.0000 	 0.0000 	 0.0000 	 0 	 0 	 -6.0675 	 -8.1864 	 3.1984 	 -0.6935 	 0.1778 	 -0.8549
0.0000 	 0.0000 	 0.0000 	 0 	 0 	 -6.1507 	 -8.0602 	 3.2060 	 -0.7004 	 0.1979 	 -0.7711
0.0000 	 0.0000 	 0.0000 	 0 	 0 	 -6.2329 	 -7.9973 	 3.1751 	 -0.7091 	 0.2177 	 -0.6862
0.0000 	 0.0000 	 0.0000 	 0 	 0 	 -6.2567 	 -7.9349 	 3.2225 	 -0.7178 	 0.2362 	 -0.6028
0.0000 	 0.0000 	 0.0000 	 0 	 0 	 -6.3001 	 -7.8683 	 3.2802 	 -0.7297 	 0.2575 	 -0.5023
0.0000 	 0.0000 	 0.0000 	 0 	 0 	 -6.2907 	 -7.9061 	 3.2566 	 -0.7376 	 0.2685 	 -0.4425
0.0000 	 0.0000 	 0.0000 	 0 	 0 	 -6.2574 	 -7.9271 	 3.2006 	 -0.7464 	 0.2800 	 -0.3793
0.0000 	 0.0000 	 0.0000 	 0 	 0 	 -6.2394 	 -7.9164 	 3.0455 	 -0.7512 	 0.2906 	 -0.3086
0.0000 	 0.0000 	 0.0000 	 0 	 0 	 -6.0776 	 -7.8285 	 2.8343 	 -0.7534 	 0.2924 	 -0.2416
0.0000 	 0.0000 	 0.0000 	 0 	 0 	 -5.7235 	 -7.8361 	 2.8375 	 -0.7591 	 0.2828 	 -0.1848
0.0000 	 0.0000 	 0.0000 	 0 	 0 	 -5.1067 	 -8.2017 	 3.3007 	 -0.7895 	 0.2743 	 -0.1117
0.0000 	 0.0000 	 0.0000 	 0 	 0 	 -4.8101 	 -8.4971 	 3.4193 	 -0.8057 	 0.2673 	 -0.0849
0.0000 	 0.0000 	 0.0000 	 0 	 0 	 -4.9006 	 -8.6034 	 3.2828 	 -0.8132 	 0.2719 	 -0.0754
0.0000 	 0.0000 	 0.0000 	 0 	 0 	 -5.1589 	 -8.6167 	 3.0838 	 -0.8141 	 0.2805 	 -0.0732
0.0000 	 0.0000 	 0.0000 	 0 	 0 	 -5.6563 	 -8.6937 	 2.5718 	 -0.8114 	 0.2969 	 -0.0667
0.0000 	 0.0000 	 0.0000 	 0 	 0 	 -5.8737 	 -8.9382 	 2.7670 	 -0.8307 	 0.3131 	 -0.0565
0.0000 	 0.0000 	 0.0000 	 0 	 0 	 -5.8625 	 -9.3749 	 3.0535 	 -0.8532 	 0.3190 	 -0.0434
0.0000 	 0.0000 	 0.0000 	 0 	 0 	 -6.0417 	 -9.7292 	 3.3264 	 -0.8781 	 0.3364 	 -0.0348
0.0000 	 0.0000 	 0.0000 	 0 	 0 	 -6.2432 	 -9.9893 	 3.4631 	 -0.8962 	 0.3510 	 -0.0168
0.0000 	 0.0000 	 0.0000 	 0 	 0 	 -6.3407 	 -10.1498 	 3.7498 	 -0.9166 	 0.3616 	 0.0107
0.0000 	 0.0000 	 0.0000 	 0 	 0 	 -6.3516 	 -10.4849 	 3.8793 	 -0.9419 	 0.3671 	 0.0415
0.0000 	 0.0000 	 0.0000 	 0 	 0 	 -6.0415 	 -10.9369 	 4.1125 	 -0.9651 	 0.3536 	 0.0664
0.0000 	 0.0000 	 0.0000 	 0 	 0 	 -5.7323 	 -11.1752 	 4.1385 	 -0.9721 	 0.3400 	 0.0757
0.0000 	 0.0000 	 0.0000 	 0 	 0 	 -5.5371 	 -11.2261 	 3.8895 	 -0.9693 	 0.3286 	 0.0754
0.0000 	 0.0000 	 0.0000 	 0 	 0 	 -5.3484 	 -11.1856 	 3.5508 	 -0.9586 	 0.3142 	 0.0728
0.0000 	 0.0000 	 0.0000 	 0 	 0 	 -5.3375 	 -10.9921 	 2.7725 	 -0.9318 	 0.2984 	 0.0601
0.0000 	 0.0000 	 0.0000 	 0 	 0 	 -5.3915 	 -10.7776 	 2.5610 	 -0.9165 	 0.2979 	 0.0438
0.0000 	 0.0000 	 0.0000 	 0 	 0 	 -5.5207 	 -10.7007 	 2.5216 	 -0.9121 	 0.3032 	 0.0300
0.0000 	 0.0000 	 0.0000 	 0 	 0 	 -5.6654 	 -10.6391 	 2.7541 	 -0.9105 	 0.3103 	 0.0111
0.0000 	 0.0000 	 0.0000 	 0 	 0 	 -6.0070 	 -10.4307 	 3.0213 	 -0.9087 	 0.3254 	 -0.0102
0.0000 	 0.0000 	 0.0000 	 0 	 0 	 -6.4378 	 -10.1754 	 3.2899 	 -0.9038 	 0.3456 	 -0.0316
0.0000 	 0.0000 	 0.0000 	 0 	 0 	 -6.6541 	 -9.7643 	 3.6539 	 -0.8942 	 0.3612 	 -0.0486
0.0000 	 0.0000 	 0.0000 	 0 	 0 	 -6.8224 	 -9.1666 	 4.1341 	 -0.8737 	 0.3740 	 -0.0685
0.0000 	 0.0000 	 0.0000 	 0 	 0 	 -6.9507 	 -9.1221 	 4.1385 	 -0.8706 	 0.3824 	 -0.0818
0.0000 	 0.0000 	 0.0000 	 0 	 0 	 -7.2719 	 -9.1232 	 4.0068 	 -0.8676 	 0.3925 	 -0.0988
0.0000 	 0.0000 	 0.0000 	 0 	 0 	 -7.6489 	 -8.9608 	 3.8327 	 -0.8659 	 0.4016 	 -0.1152
0.0000 	 0.0000 	 0.0000 	 0 	 0 	 -7.7035 	 -8.9060 	 3.5018 	 -0.8513 	 0.3955 	 -0.1297
0.0000 	 0.0000 	 0.0000 	 0 	 0 	 -7.3782 	 -8.7554 	 3.3756 	 -0.8387 	 0.3818 	 -0.1310
0.0000 	 0.0000 	 0.0000 	 0 	 0 	 -7.0339 	 -8.4969 	 3.1665 	 -0.8177 	 0.3631 	 -0.1324
0.0000 	 0.0000 	 0.0000 	 0 	 0 	 -6.5892 	 -7.9844 	 3.0062 	 -0.7893 	 0.3393 	 -0.1305
0.0000 	 0.0000 	 0.0000 	 0 	 0 	 -6.1799 	 -7.5010 	 3.0650 	 -0.7681 	 0.3207 	 -0.1380
0.0000 	 0.0000 	 0.0000 	 0 	 0 	 -6.1142 	 -7.1542 	 3.3517 	 -0.7596 	 0.3200 	 -0.1523
0.0000 	 0.0000 	 0.0000 	 0 	 0 	 -6.1588 	 -6.9954 	 3.6086 	 -0.7571 	 0.3231 	 -0.1628
0.0000 	 0.0000 	 0.0000 	 0 	 0 	 -6.2343 	 -6.9807 	 3.6268 	 -0.7565 	 0.3280 	 -0.1711
0.0000 	 0.0000 	 0.0000 	 0 	 0 	 -6.3396 	 -7.0130 	 3.6119 	 -0.7573 	 0.3345 	 -0.1767
0.0000 	 0.0000 	 0.0000 	 0 	 0 	 -6.5842 	 -7.1256 	 3.3813 	 -0.7565 	 0.3417 	 -0.1853
0.0000 	 0.0000 	 0.0000 	 0 	 0 	 -6.5260 	 -7.5478 	 3.3604 	 -0.7724 	 0.3426 	 -0.1510
0.0000 	 0.0000 	 0.0000 	 0 	 0 	 -6.4305 	 -7.6121 	 3.1894 	 -0.7714 	 0.3382 	 -0.1395
0.0000 	 0.0000 	 0.0000 	 0 	 0 	 -6.4102 	 -7.7227 	 3.1313 	 -0.7735 	 0.3367 	 -0.1314
0.0000 	 0.0000 	 0.0000 	 0 	 0 	 -6.4138 	 -7.8778 	 3.0766 	 -0.7814 	 0.3376 	 -0.1220
0.0000 	 0.0000 	 0.0000 	 0 	 0 	 -6.4396 	 -8.0167 	 3.0943 	 -0.7904 	 0.3402 	 -0.1154
0.0000 	 0.0000 	 0.0000 	 0 	 0 	 -6.5239 	 -8.1577 	 3.0652 	 -0.7956 	 0.3450 	 -0.1119
0.0000 	 0.0000 	 0.0000 	 0 	 0 	 -6.6114 	 -8.1395 	 3.0738 	 -0.7965 	 0.3476 	 -0.1087
0.0000 	 0.0000 	 0.0000 	 0 	 0 	 -6.6470 	 -8.0915 	 3.0442 	 -0.7955 	 0.3505 	 -0.1053
0.0000 	 0.0000 	 0.0000 	 0 	 0 	 -6.7096 	 -8.0911 	 3.0564 	 -0.7951 	 0.3547 	 -0.1013
0.0000 	 0.0000 	 0.0000 	 0 	 0 	 -6.9134 	 -8.0399 	 2.9869 	 -0.7966 	 0.3649 	 -0.0977
0.0000 	 0.0000 	 0.0000 	 0 	 0 	 -7.0839 	 -8.1313 	 3.1319 	 -0.8036 	 0.3773 	 -0.0912
0.0000 	 0.0000 	 0.0000 	 0 	 0 	 -7.3340 	 -8.2379 	 3.3092 	 -0.8116 	 0.3925 	 -0.0876
0.0000 	 0.0000 	 0.0000 	 0 	 0 	 -7.4844 	 -8.2174 	 3.4200 	 -0.8154 	 0.4019 	 -0.0784
0.0000 	 0.0000 	 0.0000 	 0 	 0 	 -7.4467 	 -8.0874 	 3.5410 	 -0.8148 	 0.4034 	 -0.0654
0.0000 	 0.0000 	 0.0000 	 0 	 0 	 -7.3508 	 -8.0233 	 3.5752 	 -0.8136 	 0.4015 	 -0.0538
0.0000 	 0.0000 	 0.0000 	 0 	 0 	 -7.3139 	 -8.0532 	 3.4964 	 -0.8148 	 0.4003 	 -0.0390
0.0000 	 0.0000 	 0.0000 	 0 	 0 	 -7.3583 	 -8.1930 	 3.4204 	 -0.8192 	 0.4016 	 -0.0230
0.0000 	 0.0000 	 0.0000 	 0 	 0 	 -7.3953 	 -8.3663 	 3.3276 	 -0.8238 	 0.4032 	 -0.0128
0.0000 	 0.0000 	 0.0000 	 0 	 0 	 -7.4274 	 -8.4440 	 3.2190 	 -0.8264 	 0.4024 	 -0.0075
0.0000 	 0.0000 	 0.0000 	 0 	 0 	 -7.4617 	 -8.5225 	 3.1106 	 -0.8267 	 0.4007 	 -0.0020
0.0000 	 0.0000 	 0.0000 	 0 	 0 	 -7.3840 	 -8.5388 	 2.9998 	 -0.8262 	 0.3966 	 0.0024
0.0000 	 0.0000 	 0.0000 	 0 	 0 	 -7.2528 	 -8.5239 	 2.9779 	 -0.8249 	 0.3929 	 0.0088
0.0000 	 0.0000 	 0.0000 	 0 	 0 	 -7.3120 	 -8.5540 	 3.0312 	 -0.8273 	 0.3952 	 0.0127
0.0000 	 0.0000 	 0.0000 	 0 	 0 	 -7.3710 	 -8.5514 	 3.0833 	 -0.8297 	 0.3987 	 0.0167
0.0000 	 0.0000 	 0.0000 	 0 	 0 	 -7.3169 	 -8.5184 	 3.2165 	 -0.8311 	 0.3983 	 0.0200
0.0000 	 0.0000 	 0.0000 	 0 	 0 	 -7.1812 	 -8.4062 	 3.3497 	 -0.8296 	 0.3912 	 0.0237
0.0000 	 0.0000 	 0.0000 	 0 	 0 	 -6.7931 	 -8.3138 	 3.4858 	 -0.8272 	 0.3781 	 0.0283
0.0000 	 0.0000 	 0.0000 	 0 	 0 	 -6.4118 	 -8.1885 	 3.5051 	 -0.8222 	 0.3585 	 0.0360
0.0000 	 0.0000 	 0.0000 	 0 	 0 	 -5.9628 	 -8.1606 	 3.4644 	 -0.8190 	 0.3349 	 0.0376
0.0000 	 0.0000 	 0.0000 	 0 	 0 	 -5.7265 	 -8.2296 	 3.3539 	 -0.8160 	 0.3240 	 0.0283
0.0000 	 0.0000 	 0.0000 	 0 	 0 	 -5.6919 	 -8.1834 	 3.2078 	 -0.8136 	 0.3200 	 0.0209
0.0000 	 0.0000 	 0.0000 	 0 	 0 	 -5.5479 	 -8.1709 	 3.1099 	 -0.8096 	 0.3106 	 0.0165
0.0000 	 0.0000 	 0.0000 	 0 	 0 	 -5.2940 	 -8.0633 	 3.0985 	 -0.8050 	 0.2996 	 0.0129
0.0000 	 0.0000 	 0.0000 	 0 	 0 	 -5.0974 	 -7.9878 	 3.1711 	 -0.7995 	 0.2907 	 0.0098
0.0000 	 0.0000 	 0.0000 	 0 	 0 	 -5.0143 	 -7.7854 	 3.1909 	 -0.7900 	 0.2859 	 0.0025
0.0000 	 0.0000 	 0.0000 	 0 	 0 	 -5.0140 	 -7.6619 	 3.1320 	 -0.7835 	 0.2876 	 -0.0041
0.0000 	 0.0000 	 0.0000 	 0 	 0 	 -5.1142 	 -7.5666 	 3.2229 	 -0.7823 	 0.2914 	 -0.0148
0.0000 	 0.0000 	 0.0000 	 0 	 0 	 -5.1862 	 -7.5530 	 3.2313 	 -0.7807 	 0.2974 	 -0.0265
0.0000 	 0.0000 	 0.0000 	 0 	 0 	 -5.8668 	 -7.8352 	 3.1414 	 -0.7919 	 0.3240 	 -0.0576
0.0000 	 0.0000 	 0.0000 	 0 	 0 	 -6.8633 	 -8.2577 	 3.0750 	 -0.8090 	 0.3701 	 -0.0822
0.0000 	 0.0000 	 0.0000 	 0 	 0 	 -7.4614 	 -8.5249 	 2.9908 	 -0.8210 	 0.3972 	 -0.1119
0.0000 	 0.0000 	 0.0000 	 0 	 0 	 -7.9004 	 -8.6648 	 2.8755 	 -0.8289 	 0.4144 	 -0.1371
0.0000 	 0.0000 	 0.0000 	 0 	 0 	 -8.1596 	 -8.6978 	 2.9062 	 -0.8280 	 0.4231 	 -0.1545
0.0000 	 0.0000 	 0.0000 	 0 	 0 	 -7.9951 	 -8.5408 	 3.2495 	 -0.8284 	 0.4117 	 -0.1896
0.0000 	 0.0000 	 0.0000 	 0 	 0 	 -7.0975 	 -8.1663 	 3.5755 	 -0.8104 	 0.3584 	 -0.2980
0.0000 	 0.0000 	 0.0000 	 0 	 0 	 -7.0902 	 -7.4823 	 3.5185 	 -0.7796 	 0.3423 	 -0.3710
0.0000 	 0.0000 	 0.0000 	 0 	 0 	 -7.2428 	 -6.9248 	 3.1407 	 -0.7455 	 0.3306 	 -0.4142
0.0000 	 0.0000 	 0.0000 	 0 	 0 	 -8.0032 	 -6.4529 	 2.1912 	 -0.7024 	 0.3340 	 -0.4984
0.0000 	 0.0000 	 0.0000 	 0 	 0 	 -7.9079 	 -5.9850 	 2.1344 	 -0.6729 	 0.3150 	 -0.6134
0.0000 	 0.0000 	 0.0000 	 0 	 0 	 -7.8218 	 -5.5748 	 2.1002 	 -0.6339 	 0.2733 	 -0.7871
0.0000 	 0.0000 	 0.0000 	 0 	 0 	 -7.4633 	 -4.5451 	 2.5223 	 -0.6078 	 0.2388 	 -0.9455
0.0000 	 0.0000 	 0.0000 	 0 	 0 	 -9.0309 	 -6.5410 	 3.3483 	 -0.6695 	 0.1665 	 -1.7402
0.0000 	 0.0000 	 0.0000 	 0 	 0 	 -8.7526 	 -6.9744 	 3.4604 	 -0.6818 	 0.1439 	 -1.7832
0.0000 	 0.0000 	 0.0000 	 0 	 0 	 -8.5459 	 -7.1158 	 3.6522 	 -0.6987 	 0.1203 	 -1.8528
0.0000 	 0.0000 	 0.0000 	 0 	 0 	 -8.5170 	 -7.4648 	 3.3871 	 -0.6891 	 0.1016 	 -1.8997
0.0000 	 0.0000 	 0.0000 	 0 	 0 	 -8.3953 	 -7.2890 	 2.9897 	 -0.6706 	 0.0797 	 -1.9628
0.0000 	 0.0000 	 0.0000 	 0 	 0 	 -8.3514 	 -7.1901 	 2.6607 	 -0.6520 	 0.0642 	 -1.9897
0.0000 	 0.0000 	 0.0000 	 0 	 0 	 -8.1666 	 -6.8759 	 2.6834 	 -0.6425 	 0.0518 	 -2.0085
0.0000 	 0.0000 	 0.0000 	 0 	 0 	 -7.9594 	 -6.6703 	 2.9026 	 -0.6389 	 0.0421 	 -2.0171
0.0000 	 0.0000 	 0.0000 	 0 	 0 	 -8.1038 	 -6.4914 	 3.1560 	 -0.6391 	 0.0498 	 -2.0148
0.0000 	 0.0000 	 0.0000 	 0 	 0 	 -8.3648 	 -6.1468 	 3.5904 	 -0.6440 	 0.0669 	 -2.0067
0.0000 	 0.0000 	 0.0000 	 0 	 0 	 -8.5638 	 -5.8894 	 3.5517 	 -0.6372 	 0.0768 	 -1.9930
0.0000 	 0.0000 	 0.0000 	 0 	 0 	 -8.6398 	 -5.5822 	 3.5975 	 -0.6328 	 0.0859 	 -1.9644
0.0000 	 0.0000 	 0.0000 	 0 	 0 	 -8.5992 	 -5.4225 	 3.4828 	 -0.6239 	 0.0901 	 -1.9214
0.0000 	 0.0000 	 0.0000 	 0 	 0 	 -8.6043 	 -5.1567 	 3.3572 	 -0.6218 	 0.1006 	 -1.8400
0.0000 	 0.0000 	 0.0000 	 0 	 0 	 -8.4529 	 -5.1405 	 3.4206 	 -0.6321 	 0.1126 	 -1.7372
0.0000 	 0.0000 	 0.0000 	 0 	 0 	 -8.4060 	 -5.2840 	 3.5143 	 -0.6453 	 0.1287 	 -1.6384
0.0000 	 0.0000 	 0.0000 	 0 	 0 	 -8.2891 	 -5.3942 	 3.5870 	 -0.6618 	 0.1417 	 -1.5463
0.0000 	 0.0000 	 0.0000 	 0 	 0 	 -8.2373 	 -5.6031 	 3.5057 	 -0.6759 	 0.1600 	 -1.4516
0.0000 	 0.0000 	 0.0000 	 0 	 0 	 -8.2416 	 -5.8024 	 3.4791 	 -0.6961 	 0.1879 	 -1.3112
0.0000 	 0.0000 	 0.0000 	 0 	 0 	 -8.3057 	 -6.0340 	 3.3761 	 -0.7159 	 0.2185 	 -1.1694
0.0000 	 0.0000 	 0.0000 	 0 	 0 	 -8.3336 	 -6.2724 	 3.3491 	 -0.7311 	 0.2434 	 -1.0570
0.0000 	 0.0000 	 0.0000 	 0 	 0 	 -8.2793 	 -6.3856 	 3.4246 	 -0.7435 	 0.2612 	 -0.9649
0.0000 	 0.0000 	 0.0000 	 0 	 0 	 -8.1783 	 -6.6077 	 3.5928 	 -0.7587 	 0.2837 	 -0.8422
0.0000 	 0.0000 	 0.0000 	 0 	 0 	 -7.9412 	 -6.6758 	 3.7339 	 -0.7663 	 0.2932 	 -0.7416
0.0000 	 0.0000 	 0.0000 	 0 	 0 	 -7.6876 	 -6.6387 	 3.7149 	 -0.7675 	 0.2938 	 -0.6800
0.0000 	 0.0000 	 0.0000 	 0 	 0 	 -7.3767 	 -6.6555 	 3.6667 	 -0.7637 	 0.2863 	 -0.6417
0.0000 	 0.0000 	 0.0000 	 0 	 0 	 -7.0220 	 -6.5147 	 3.5038 	 -0.7547 	 0.2777 	 -0.6003
0.0000 	 0.0000 	 0.0000 	 0 	 0 	 -6.9129 	 -6.3912 	 3.1887 	 -0.7418 	 0.2764 	 -0.5692
0.0000 	 0.0000 	 0.0000 	 0 	 0 	 -6.9536 	 -6.3444 	 3.0802 	 -0.7374 	 0.2767 	 -0.5644
0.0000 	 0.0000 	 0.0000 	 0 	 0 	 -7.0020 	 -6.3464 	 2.9717 	 -0.7349 	 0.2752 	 -0.5732
0.0000 	 0.0000 	 0.0000 	 0 	 0 	 -6.9256 	 -6.2732 	 2.9777 	 -0.7296 	 0.2642 	 -0.6115
0.0000 	 0.0000 	 0.0000 	 0 	 0 	 -6.7826 	 -6.0286 	 2.9697 	 -0.7200 	 0.2447 	 -0.6813
0.0000 	 0.0000 	 0.0000 	 0 	 0 	 -6.7097 	 -5.8144 	 2.8674 	 -0.7112 	 0.2305 	 -0.7415
0.0000 	 0.0000 	 0.0000 	 0 	 0 	 -6.6827 	 -5.5666 	 2.8310 	 -0.7049 	 0.2191 	 -0.8075
0.0000 	 0.0000 	 0.0000 	 0 	 0 	 -6.8336 	 -5.4473 	 2.8636 	 -0.7017 	 0.2065 	 -0.9042
0.0000 	 0.0000 	 0.0000 	 0 	 0 	 -7.1045 	 -5.4885 	 3.0558 	 -0.7052 	 0.2001 	 -1.0306
0.0000 	 0.0000 	 0.0000 	 0 	 0 	 -7.3922 	 -5.5629 	 3.2053 	 -0.7092 	 0.1842 	 -1.1838
0.0000 	 0.0000 	 0.0000 	 0 	 0 	 -7.8444 	 -5.4866 	 3.1488 	 -0.6920 	 0.1383 	 -1.4989
0.0000 	 0.0000 	 0.0000 	 0 	 0 	 -7.9089 	 -5.3008 	 2.8550 	 -0.6752 	 0.1092 	 -1.6492
0.0000 	 0.0000 	 0.0000 	 0 	 0 	 -7.8548 	 -5.1659 	 2.7000 	 -0.6600 	 0.0736 	 -1.8213
0.0000 	 0.0000 	 0.0000 	 0 	 0 	 -7.9766 	 -5.0303 	 2.6480 	 -0.6466 	 0.0346 	 -2.0268
0.0000 	 0.0000 	 0.0000 	 0 	 0 	 -8.3150 	 -4.9484 	 2.7737 	 -0.6468 	 0.0076 	 -2.2268
0.0000 	 0.0000 	 0.0000 	 0 	 0 	 -8.6949 	 -5.0407 	 2.9304 	 -0.6471 	 -0.0056 	 -2.3780
0.0000 	 0.0000 	 0.0000 	 0 	 0 	 -8.9215 	 -5.0198 	 2.9691 	 -0.6451 	 -0.0176 	 -2.5003
0.0000 	 0.0000 	 0.0000 	 0 	 0 	 -9.0221 	 -4.9842 	 3.0373 	 -0.6406 	 -0.0337 	 -2.6131
0.0000 	 0.0000 	 0.0000 	 0 	 0 	 -8.9851 	 -4.7776 	 3.0603 	 -0.6324 	 -0.0660 	 -2.7662
0.0000 	 0.0000 	 0.0000 	 0 	 0 	 -8.9543 	 -4.5714 	 3.0949 	 -0.6238 	 -0.0966 	 -2.9160
0.0000 	 0.0000 	 0.0000 	 0 	 0 	 -9.0345 	 -4.4553 	 3.0065 	 -0.6168 	 -0.1175 	 -3.0253
0.0000 	 0.0000 	 0.0000 	 0 	 0 	 -9.1199 	 -4.3855 	 3.0351 	 -0.6104 	 -0.1326 	 -3.1104
0.0000 	 0.0000 	 0.0000 	 0 	 0 	 -9.1936 	 -4.3615 	 2.9385 	 -0.6058 	 -0.1484 	 -3.1819
