0.0000 	 0.0000 	 0.0000 	 0 	 0 	 -3.7179 	 3.8841 	 0.3311 	 0.1934 	 0.3287 	 -1.3183
0.0000 	 0.0000 	 0.0000 	 0 	 0 	 -3.7589 	 3.8371 	 -0.2264 	 0.1937 	 0.3286 	 -1.3122
0.0000 	 0.0000 	 0.0000 	 0 	 0 	 -3.7562 	 3.8687 	 -0.0673 	 0.1943 	 0.3281 	 -1.3141
0.0000 	 0.0000 	 0.0000 	 0 	 0 	 -3.7494 	 3.8997 	 0.2500 	 0.1955 	 0.3283 	 -1.3182
0.0000 	 0.0000 	 0.0000 	 0 	 0 	 -3.7720 	 3.9161 	 0.5308 	 0.1950 	 0.3282 	 -1.3199
0.0000 	 0.0000 	 0.0000 	 0 	 0 	 -3.7394 	 3.8996 	 0.7733 	 0.1949 	 0.3280 	 -1.3218
0.0000 	 0.0000 	 0.0000 	 0 	 0 	 -3.7666 	 3.9156 	 0.8118 	 0.1948 	 0.3286 	 -1.3225
0.0000 	 0.0000 	 0.0000 	 0 	 0 	 -3.7940 	 3.9317 	 0.8919 	 0.1956 	 0.3292 	 -1.3233
0.0000 	 0.0000 	 0.0000 	 0 	 0 	 -3.7858 	 3.9312 	 1.2100 	 0.1952 	 0.3294 	 -1.3270
0.0000 	 0.0000 	 0.0000 	 0 	 0 	 -3.7725 	 3.8664 	 1.7290 	 0.1942 	 0.3288 	 -1.3319
0.0000 	 0.0000 	 0.0000 	 0 	 0 	 -3.7642 	 3.8980 	 2.0865 	 0.1945 	 0.3286 	 -1.3360
0.0000 	 0.0000 	 0.0000 	 0 	 0 	 -3.7644 	 3.8655 	 2.1708 	 0.1949 	 0.3293 	 -1.3358
0.0000 	 0.0000 	 0.0000 	 0 	 0 	 -3.7267 	 3.8663 	 1.3333 	 0.1938 	 0.3301 	 -1.3274
0.0000 	 0.0000 	 0.0000 	 0 	 0 	 -3.7306 	 3.8989 	 1.2158 	 0.1940 	 0.3302 	 -1.3253
0.0000 	 0.0000 	 0.0000 	 0 	 0 	 -3.7323 	 3.8996 	 1.1371 	 0.1934 	 0.3298 	 -1.3241
0.0000 	 0.0000 	 0.0000 	 0 	 0 	 -3.7347 	 3.8995 	 1.0173 	 0.1933 	 0.3299 	 -1.3227
0.0000 	 0.0000 	 0.0000 	 0 	 0 	 -3.7365 	 3.8678 	 0.9806 	 0.1931 	 0.3292 	 -1.3213
0.0000 	 0.0000 	 0.0000 	 0 	 0 	 -3.6949 	 3.8672 	 0.3835 	 0.1939 	 0.3302 	 -1.3150
0.0000 	 0.0000 	 0.0000 	 0 	 0 	 -3.6792 	 3.8844 	 -0.1316 	 0.1930 	 0.3306 	 -1.3086
0.0000 	 0.0000 	 0.0000 	 0 	 0 	 -3.7094 	 3.9006 	 -0.2131 	 0.1938 	 0.3305 	 -1.3084
0.0000 	 0.0000 	 0.0000 	 0 	 0 	 -3.7045 	 3.8680 	 0.0278 	 0.1936 	 0.3304 	 -1.3102
0.0000 	 0.0000 	 0.0000 	 0 	 0 	 -3.7237 	 3.9156 	 0.4239 	 0.1950 	 0.3303 	 -1.3150
0.0000 	 0.0000 	 0.0000 	 0 	 0 	 -3.7477 	 3.9319 	 0.6224 	 0.1948 	 0.3293 	 -1.3170
0.0000 	 0.0000 	 0.0000 	 0 	 0 	 -3.7691 	 3.9473 	 0.8565 	 0.1959 	 0.3308 	 -1.3215
0.0000 	 0.0000 	 0.0000 	 0 	 0 	 -3.7664 	 3.9155 	 0.8951 	 0.1948 	 0.3301 	 -1.3225
0.0000 	 0.0000 	 0.0000 	 0 	 0 	 -3.7811 	 3.8985 	 1.4104 	 0.1948 	 0.3309 	 -1.3290
0.0000 	 0.0000 	 0.0000 	 0 	 0 	 -3.7707 	 3.9296 	 1.8881 	 0.1951 	 0.3306 	 -1.3339
0.0000 	 0.0000 	 0.0000 	 0 	 0 	 -3.7908 	 3.8812 	 2.1653 	 0.1948 	 0.3315 	 -1.3376
0.0000 	 0.0000 	 0.0000 	 0 	 0 	 -3.7635 	 3.8967 	 2.1670 	 0.1949 	 0.3315 	 -1.3374
0.0000 	 0.0000 	 0.0000 	 0 	 0 	 -3.7975 	 3.9145 	 1.8457 	 0.1943 	 0.3312 	 -1.3346
0.0000 	 0.0000 	 0.0000 	 0 	 0 	 -3.7508 	 3.9139 	 1.4045 	 0.1949 	 0.3306 	 -1.3310
0.0000 	 0.0000 	 0.0000 	 0 	 0 	 -3.7541 	 3.9140 	 1.2032 	 0.1949 	 0.3315 	 -1.3295
0.0000 	 0.0000 	 0.0000 	 0 	 0 	 -3.7557 	 3.9146 	 1.0824 	 0.1944 	 0.3304 	 -1.3283
0.0000 	 0.0000 	 0.0000 	 0 	 0 	 -3.7298 	 3.9301 	 1.0431 	 0.1952 	 0.3308 	 -1.3282
0.0000 	 0.0000 	 0.0000 	 0 	 0 	 -3.7221 	 3.8835 	 0.0031 	 0.1938 	 0.3305 	 -1.3183
0.0000 	 0.0000 	 0.0000 	 0 	 0 	 -3.6985 	 3.8673 	 -0.2369 	 0.1936 	 0.3304 	 -1.3163
0.0000 	 0.0000 	 0.0000 	 0 	 0 	 -3.7240 	 3.9149 	 -0.1621 	 0.1947 	 0.3309 	 -1.3190
0.0000 	 0.0000 	 0.0000 	 0 	 0 	 -3.7446 	 3.8662 	 0.1151 	 0.1944 	 0.3317 	 -1.3226
0.0000 	 0.0000 	 0.0000 	 0 	 0 	 -3.7664 	 3.9138 	 0.4329 	 0.1957 	 0.3322 	 -1.3260
0.0000 	 0.0000 	 0.0000 	 0 	 0 	 -3.7887 	 3.9300 	 0.6699 	 0.1956 	 0.3322 	 -1.3294
0.0000 	 0.0000 	 0.0000 	 0 	 0 	 -3.7860 	 3.9298 	 0.7893 	 0.1956 	 0.3322 	 -1.3304
0.0000 	 0.0000 	 0.0000 	 0 	 0 	 -3.8131 	 3.9775 	 0.8680 	 0.1967 	 0.3327 	 -1.3316
0.0000 	 0.0000 	 0.0000 	 0 	 0 	 -3.7819 	 3.9286 	 0.9883 	 0.1963 	 0.3325 	 -1.3331
0.0000 	 0.0000 	 0.0000 	 0 	 0 	 -3.8203 	 3.9284 	 1.6613 	 0.1960 	 0.3332 	 -1.3415
0.0000 	 0.0000 	 0.0000 	 0 	 0 	 -3.7544 	 3.9265 	 2.1001 	 0.1967 	 0.3327 	 -1.3464
0.0000 	 0.0000 	 0.0000 	 0 	 0 	 -3.7569 	 3.9597 	 1.8139 	 0.1953 	 0.3320 	 -1.3456
0.0000 	 0.0000 	 0.0000 	 0 	 0 	 -3.7330 	 3.9122 	 1.4925 	 0.1945 	 0.3318 	 -1.3429
0.0000 	 0.0000 	 0.0000 	 0 	 0 	 -3.7372 	 3.9118 	 1.2905 	 0.1949 	 0.3315 	 -1.3420
0.0000 	 0.0000 	 0.0000 	 0 	 0 	 -3.7396 	 3.9122 	 1.1705 	 0.1949 	 0.3316 	 -1.3405
0.0000 	 0.0000 	 0.0000 	 0 	 0 	 -3.7409 	 3.9437 	 1.0868 	 0.1960 	 0.3310 	 -1.3412
0.0000 	 0.0000 	 0.0000 	 0 	 0 	 -3.7409 	 3.9123 	 0.9643 	 0.1949 	 0.3299 	 -1.3406
0.0000 	 0.0000 	 0.0000 	 0 	 0 	 -3.6666 	 3.9279 	 0.4834 	 0.1949 	 0.3297 	 -1.3369
0.0000 	 0.0000 	 0.0000 	 0 	 0 	 -3.7031 	 3.9124 	 0.0824 	 0.1954 	 0.3305 	 -1.3334
0.0000 	 0.0000 	 0.0000 	 0 	 0 	 -3.7095 	 3.9126 	 -0.2807 	 0.1954 	 0.3304 	 -1.3313
0.0000 	 0.0000 	 0.0000 	 0 	 0 	 -3.7066 	 3.9449 	 -0.2039 	 0.1956 	 0.3298 	 -1.3326
0.0000 	 0.0000 	 0.0000 	 0 	 0 	 -3.7280 	 3.9600 	 0.0302 	 0.1964 	 0.3310 	 -1.3371
0.0000 	 0.0000 	 0.0000 	 0 	 0 	 -3.7376 	 3.9430 	 0.7023 	 0.1960 	 0.3313 	 -1.3462
0.0000 	 0.0000 	 0.0000 	 0 	 0 	 -3.7634 	 3.9586 	 0.7787 	 0.1968 	 0.3318 	 -1.3482
0.0000 	 0.0000 	 0.0000 	 0 	 0 	 -3.7622 	 3.9579 	 0.8577 	 0.1975 	 0.3321 	 -1.3494
0.0000 	 0.0000 	 0.0000 	 0 	 0 	 -3.7852 	 3.9431 	 0.9758 	 0.1958 	 0.3320 	 -1.3510
0.0000 	 0.0000 	 0.0000 	 0 	 0 	 -3.7731 	 3.9416 	 1.5335 	 0.1966 	 0.3321 	 -1.3568
0.0000 	 0.0000 	 0.0000 	 0 	 0 	 -3.7612 	 3.9082 	 2.0105 	 0.1964 	 0.3319 	 -1.3627
0.0000 	 0.0000 	 0.0000 	 0 	 0 	 -3.7557 	 3.9403 	 2.2068 	 0.1967 	 0.3313 	 -1.3655
0.0000 	 0.0000 	 0.0000 	 0 	 0 	 -3.7282 	 3.9246 	 2.0859 	 0.1954 	 0.3309 	 -1.3645
0.0000 	 0.0000 	 0.0000 	 0 	 0 	 -3.7060 	 3.9410 	 1.8065 	 0.1955 	 0.3303 	 -1.3617
0.0000 	 0.0000 	 0.0000 	 0 	 0 	 -3.7127 	 3.9091 	 1.4859 	 0.1957 	 0.3301 	 -1.3591
0.0000 	 0.0000 	 0.0000 	 0 	 0 	 -3.6879 	 3.9254 	 1.2850 	 0.1951 	 0.3296 	 -1.3573
0.0000 	 0.0000 	 0.0000 	 0 	 0 	 -3.6929 	 3.9579 	 0.8756 	 0.1955 	 0.3287 	 -1.3565
0.0000 	 0.0000 	 0.0000 	 0 	 0 	 -3.6760 	 3.9098 	 0.3150 	 0.1957 	 0.3284 	 -1.3520
0.0000 	 0.0000 	 0.0000 	 0 	 0 	 -3.7110 	 3.9272 	 -0.0879 	 0.1949 	 0.3291 	 -1.3491
0.0000 	 0.0000 	 0.0000 	 0 	 0 	 -3.6860 	 3.9426 	 -0.2921 	 0.1956 	 0.3286 	 -1.3485
0.0000 	 0.0000 	 0.0000 	 0 	 0 	 -3.6800 	 3.9418 	 -0.1381 	 0.1957 	 0.3295 	 -1.3522
0.0000 	 0.0000 	 0.0000 	 0 	 0 	 -3.7002 	 3.9569 	 0.2189 	 0.1968 	 0.3304 	 -1.3568
0.0000 	 0.0000 	 0.0000 	 0 	 0 	 -3.6933 	 3.9561 	 0.4548 	 0.1968 	 0.3306 	 -1.3605
0.0000 	 0.0000 	 0.0000 	 0 	 0 	 -3.7442 	 3.9888 	 0.6510 	 0.1971 	 0.3301 	 -1.3633
0.0000 	 0.0000 	 0.0000 	 0 	 0 	 -3.7676 	 3.9727 	 0.7655 	 0.1970 	 0.3299 	 -1.3661
0.0000 	 0.0000 	 0.0000 	 0 	 0 	 -3.7373 	 3.9885 	 0.8866 	 0.1969 	 0.3297 	 -1.3667
0.0000 	 0.0000 	 0.0000 	 0 	 0 	 -3.7636 	 3.9719 	 0.9227 	 0.1975 	 0.3297 	 -1.3683
0.0000 	 0.0000 	 0.0000 	 0 	 0 	 -3.7309 	 3.9391 	 2.1550 	 0.1954 	 0.3288 	 -1.3824
0.0000 	 0.0000 	 0.0000 	 0 	 0 	 -3.7036 	 3.9539 	 2.1113 	 0.1971 	 0.3276 	 -1.3835
0.0000 	 0.0000 	 0.0000 	 0 	 0 	 -3.6804 	 3.9709 	 1.8316 	 0.1958 	 0.3270 	 -1.3807
0.0000 	 0.0000 	 0.0000 	 0 	 0 	 -3.6856 	 3.9715 	 1.5503 	 0.1957 	 0.3261 	 -1.3780
0.0000 	 0.0000 	 0.0000 	 0 	 0 	 -3.6910 	 3.9723 	 1.2693 	 0.1957 	 0.3257 	 -1.3759
0.0000 	 0.0000 	 0.0000 	 0 	 0 	 -3.6922 	 4.0048 	 1.2304 	 0.1953 	 0.3258 	 -1.3750
0.0000 	 0.0000 	 0.0000 	 0 	 0 	 -3.6649 	 3.9891 	 1.1091 	 0.1944 	 0.3245 	 -1.3743
0.0000 	 0.0000 	 0.0000 	 0 	 0 	 -3.6658 	 3.9892 	 1.0275 	 0.1944 	 0.3253 	 -1.3743
0.0000 	 0.0000 	 0.0000 	 0 	 0 	 -3.6776 	 3.9576 	 0.4267 	 0.1939 	 0.3256 	 -1.3688
0.0000 	 0.0000 	 0.0000 	 0 	 0 	 -3.7144 	 3.9742 	 -0.0179 	 0.1946 	 0.3255 	 -1.3660
0.0000 	 0.0000 	 0.0000 	 0 	 0 	 -3.6907 	 3.9259 	 -0.2568 	 0.1945 	 0.3255 	 -1.3636
0.0000 	 0.0000 	 0.0000 	 0 	 0 	 -3.7025 	 4.0039 	 0.4125 	 0.1965 	 0.3268 	 -1.3737
0.0000 	 0.0000 	 0.0000 	 0 	 0 	 -3.6684 	 4.0193 	 0.6084 	 0.1964 	 0.3258 	 -1.3769
0.0000 	 0.0000 	 0.0000 	 0 	 0 	 -3.6928 	 4.0024 	 0.7237 	 0.1972 	 0.3270 	 -1.3798
0.0000 	 0.0000 	 0.0000 	 0 	 0 	 -3.6903 	 4.0024 	 0.8022 	 0.1972 	 0.3265 	 -1.3812
0.0000 	 0.0000 	 0.0000 	 0 	 0 	 -3.6887 	 4.0020 	 0.8397 	 0.1977 	 0.3258 	 -1.3825
0.0000 	 0.0000 	 0.0000 	 0 	 0 	 -3.6779 	 4.0018 	 1.2358 	 0.1973 	 0.3253 	 -1.3873
0.0000 	 0.0000 	 0.0000 	 0 	 0 	 -3.6923 	 3.9850 	 1.7916 	 0.1973 	 0.3247 	 -1.3937
0.0000 	 0.0000 	 0.0000 	 0 	 0 	 -3.6567 	 3.9688 	 2.0713 	 0.1965 	 0.3237 	 -1.3966
0.0000 	 0.0000 	 0.0000 	 0 	 0 	 -3.6280 	 3.9837 	 2.1101 	 0.1973 	 0.3234 	 -1.3972
0.0000 	 0.0000 	 0.0000 	 0 	 0 	 -3.6343 	 3.9844 	 1.7470 	 0.1973 	 0.3233 	 -1.3950
0.0000 	 0.0000 	 0.0000 	 0 	 0 	 -3.6121 	 4.0008 	 1.4266 	 0.1964 	 0.3231 	 -1.3922
0.0000 	 0.0000 	 0.0000 	 0 	 0 	 -3.6162 	 4.0018 	 1.0587 	 0.1963 	 0.3206 	 -1.3908
0.0000 	 0.0000 	 0.0000 	 0 	 0 	 -3.6450 	 4.0178 	 0.9736 	 0.1971 	 0.3205 	 -1.3916
0.0000 	 0.0000 	 0.0000 	 0 	 0 	 -3.6473 	 4.0170 	 0.8095 	 0.1980 	 0.3209 	 -1.3919
0.0000 	 0.0000 	 0.0000 	 0 	 0 	 -3.6297 	 4.0017 	 0.2071 	 0.1969 	 0.3224 	 -1.3872
0.0000 	 0.0000 	 0.0000 	 0 	 0 	 -3.6384 	 4.0339 	 -0.1939 	 0.1973 	 0.3238 	 -1.3843
0.0000 	 0.0000 	 0.0000 	 0 	 0 	 -3.6390 	 3.9693 	 -0.4005 	 0.1976 	 0.3235 	 -1.3847
0.0000 	 0.0000 	 0.0000 	 0 	 0 	 -3.6310 	 4.0012 	 -0.0835 	 0.1969 	 0.3237 	 -1.3885
0.0000 	 0.0000 	 0.0000 	 0 	 0 	 -3.6535 	 4.0162 	 0.2350 	 0.1984 	 0.3230 	 -1.3920
0.0000 	 0.0000 	 0.0000 	 0 	 0 	 -3.6753 	 4.0003 	 0.4731 	 0.1986 	 0.3234 	 -1.3948
0.0000 	 0.0000 	 0.0000 	 0 	 0 	 -3.6427 	 4.0159 	 0.6314 	 0.1980 	 0.3224 	 -1.3968
0.0000 	 0.0000 	 0.0000 	 0 	 0 	 -3.6385 	 4.0164 	 0.8337 	 0.1971 	 0.3227 	 -1.3977
0.0000 	 0.0000 	 0.0000 	 0 	 0 	 -3.6230 	 3.9829 	 1.5118 	 0.1973 	 0.3217 	 -1.4046
0.0000 	 0.0000 	 0.0000 	 0 	 0 	 -3.5574 	 3.9809 	 1.9090 	 0.1977 	 0.3207 	 -1.4095
0.0000 	 0.0000 	 0.0000 	 0 	 0 	 -3.5785 	 3.9971 	 2.2275 	 0.1979 	 0.3202 	 -1.4129
0.0000 	 0.0000 	 0.0000 	 0 	 0 	 -3.5508 	 3.9497 	 2.1083 	 0.1962 	 0.3199 	 -1.4115
0.0000 	 0.0000 	 0.0000 	 0 	 0 	 -3.5588 	 3.9823 	 1.7470 	 0.1973 	 0.3189 	 -1.4085
0.0000 	 0.0000 	 0.0000 	 0 	 0 	 -3.5353 	 3.9984 	 1.4640 	 0.1973 	 0.3183 	 -1.4067
0.0000 	 0.0000 	 0.0000 	 0 	 0 	 -3.5678 	 4.0150 	 1.2632 	 0.1972 	 0.3193 	 -1.4051
0.0000 	 0.0000 	 0.0000 	 0 	 0 	 -3.5692 	 4.0150 	 1.0984 	 0.1971 	 0.3186 	 -1.4051
0.0000 	 0.0000 	 0.0000 	 0 	 0 	 -3.5410 	 3.9985 	 1.0157 	 0.1973 	 0.3189 	 -1.4058
0.0000 	 0.0000 	 0.0000 	 0 	 0 	 -3.5671 	 4.0157 	 0.9708 	 0.1961 	 0.3183 	 -1.4066
0.0000 	 0.0000 	 0.0000 	 0 	 0 	 -3.5525 	 3.9996 	 0.3306 	 0.1965 	 0.3191 	 -1.4010
0.0000 	 0.0000 	 0.0000 	 0 	 0 	 -3.6479 	 3.9214 	 -0.2706 	 0.1960 	 0.3197 	 -1.3954
0.0000 	 0.0000 	 0.0000 	 0 	 0 	 -3.6123 	 4.0007 	 0.1287 	 0.1965 	 0.3203 	 -1.3995
0.0000 	 0.0000 	 0.0000 	 0 	 0 	 -3.6345 	 3.9843 	 0.4083 	 0.1965 	 0.3209 	 -1.4023
0.0000 	 0.0000 	 0.0000 	 0 	 0 	 -3.6303 	 3.9836 	 0.5653 	 0.1969 	 0.3204 	 -1.4050
0.0000 	 0.0000 	 0.0000 	 0 	 0 	 -3.6265 	 3.9835 	 0.7673 	 0.1965 	 0.3207 	 -1.4059
0.0000 	 0.0000 	 0.0000 	 0 	 0 	 -3.5965 	 3.9671 	 0.8486 	 0.1961 	 0.3200 	 -1.4066
0.0000 	 0.0000 	 0.0000 	 0 	 0 	 -3.6224 	 3.9828 	 0.9660 	 0.1972 	 0.3213 	 -1.4086
0.0000 	 0.0000 	 0.0000 	 0 	 0 	 -3.5762 	 3.9972 	 1.8056 	 0.1972 	 0.3204 	 -1.4164
0.0000 	 0.0000 	 0.0000 	 0 	 0 	 -3.5688 	 3.9969 	 2.0820 	 0.1972 	 0.3190 	 -1.4200
0.0000 	 0.0000 	 0.0000 	 0 	 0 	 -3.5684 	 3.9965 	 2.1233 	 0.1972 	 0.3198 	 -1.4200
0.0000 	 0.0000 	 0.0000 	 0 	 0 	 -3.5493 	 3.9807 	 1.7671 	 0.1973 	 0.3198 	 -1.4156
0.0000 	 0.0000 	 0.0000 	 0 	 0 	 -3.5643 	 3.9823 	 1.1305 	 0.1969 	 0.3193 	 -1.4086
0.0000 	 0.0000 	 0.0000 	 0 	 0 	 -3.5655 	 3.9831 	 1.0512 	 0.1965 	 0.3187 	 -1.4071
0.0000 	 0.0000 	 0.0000 	 0 	 0 	 -3.5954 	 3.9671 	 0.9716 	 0.1962 	 0.3197 	 -1.4065
0.0000 	 0.0000 	 0.0000 	 0 	 0 	 -3.5719 	 3.9825 	 0.8128 	 0.1969 	 0.3200 	 -1.4050
0.0000 	 0.0000 	 0.0000 	 0 	 0 	 -3.5865 	 3.9843 	 0.1766 	 0.1961 	 0.3206 	 -1.3974
0.0000 	 0.0000 	 0.0000 	 0 	 0 	 -3.5959 	 3.9533 	 -0.2187 	 0.1955 	 0.3212 	 -1.3924
0.0000 	 0.0000 	 0.0000 	 0 	 0 	 -3.5989 	 3.9214 	 -0.3370 	 0.1952 	 0.3216 	 -1.3906
0.0000 	 0.0000 	 0.0000 	 0 	 0 	 -3.6222 	 3.9377 	 -0.1378 	 0.1947 	 0.3218 	 -1.3925
0.0000 	 0.0000 	 0.0000 	 0 	 0 	 -3.6158 	 3.9694 	 0.2236 	 0.1950 	 0.3219 	 -1.3953
0.0000 	 0.0000 	 0.0000 	 0 	 0 	 -3.6063 	 3.9700 	 0.5825 	 0.1937 	 0.3214 	 -1.3989
0.0000 	 0.0000 	 0.0000 	 0 	 0 	 -3.6040 	 4.0024 	 0.7452 	 0.1932 	 0.3210 	 -1.3996
0.0000 	 0.0000 	 0.0000 	 0 	 0 	 -3.5999 	 3.9713 	 0.8660 	 0.1917 	 0.3209 	 -1.4004
0.0000 	 0.0000 	 0.0000 	 0 	 0 	 -3.5890 	 3.9702 	 1.3450 	 0.1915 	 0.3207 	 -1.4052
0.0000 	 0.0000 	 0.0000 	 0 	 0 	 -3.6045 	 3.9213 	 1.8204 	 0.1913 	 0.3207 	 -1.4110
0.0000 	 0.0000 	 0.0000 	 0 	 0 	 -3.5969 	 3.9205 	 2.1789 	 0.1920 	 0.3194 	 -1.4146
0.0000 	 0.0000 	 0.0000 	 0 	 0 	 -3.5971 	 3.9523 	 2.2186 	 0.1931 	 0.3192 	 -1.4153
0.0000 	 0.0000 	 0.0000 	 0 	 0 	 -3.6035 	 3.9527 	 1.8558 	 0.1928 	 0.3191 	 -1.4129
0.0000 	 0.0000 	 0.0000 	 0 	 0 	 -3.5566 	 3.9850 	 1.4578 	 0.1932 	 0.3181 	 -1.4082
0.0000 	 0.0000 	 0.0000 	 0 	 0 	 -3.5894 	 4.0020 	 1.2157 	 0.1930 	 0.3184 	 -1.4066
0.0000 	 0.0000 	 0.0000 	 0 	 0 	 -3.5921 	 4.0016 	 1.1371 	 0.1940 	 0.3181 	 -1.4054
0.0000 	 0.0000 	 0.0000 	 0 	 0 	 -3.5947 	 4.0016 	 1.0586 	 0.1940 	 0.3189 	 -1.4045
0.0000 	 0.0000 	 0.0000 	 0 	 0 	 -3.6253 	 4.0192 	 0.9807 	 0.1934 	 0.3190 	 -1.4026
0.0000 	 0.0000 	 0.0000 	 0 	 0 	 -3.6543 	 3.9883 	 -0.2112 	 0.1937 	 0.3205 	 -1.3891
0.0000 	 0.0000 	 0.0000 	 0 	 0 	 -3.6573 	 3.9563 	 -0.3293 	 0.1935 	 0.3208 	 -1.3872
0.0000 	 0.0000 	 0.0000 	 0 	 0 	 -3.6270 	 3.9717 	 -0.1669 	 0.1933 	 0.3213 	 -1.3883
0.0000 	 0.0000 	 0.0000 	 0 	 0 	 -3.6197 	 4.0028 	 0.2734 	 0.1952 	 0.3203 	 -1.3921
0.0000 	 0.0000 	 0.0000 	 0 	 0 	 -3.6430 	 4.0189 	 0.5134 	 0.1951 	 0.3202 	 -1.3941
0.0000 	 0.0000 	 0.0000 	 0 	 0 	 -3.6405 	 4.0501 	 0.7143 	 0.1963 	 0.3205 	 -1.3957
0.0000 	 0.0000 	 0.0000 	 0 	 0 	 -3.6104 	 4.0663 	 0.7946 	 0.1957 	 0.3208 	 -1.3967
0.0000 	 0.0000 	 0.0000 	 0 	 0 	 -3.6077 	 4.0338 	 0.8740 	 0.1955 	 0.3201 	 -1.3976
0.0000 	 0.0000 	 0.0000 	 0 	 0 	 -3.5710 	 4.0165 	 1.2739 	 0.1951 	 0.3202 	 -1.4016
0.0000 	 0.0000 	 0.0000 	 0 	 0 	 -3.5549 	 4.0161 	 1.9098 	 0.1946 	 0.3198 	 -1.4089
0.0000 	 0.0000 	 0.0000 	 0 	 0 	 -3.5468 	 4.0154 	 2.2275 	 0.1946 	 0.3186 	 -1.4122
0.0000 	 0.0000 	 0.0000 	 0 	 0 	 -3.5543 	 4.0159 	 1.7828 	 0.1945 	 0.3198 	 -1.4101
0.0000 	 0.0000 	 0.0000 	 0 	 0 	 -3.5591 	 4.0164 	 1.5022 	 0.1938 	 0.3203 	 -1.4074
0.0000 	 0.0000 	 0.0000 	 0 	 0 	 -3.5916 	 4.0654 	 1.2585 	 0.1944 	 0.3205 	 -1.4062
0.0000 	 0.0000 	 0.0000 	 0 	 0 	 -3.5930 	 4.0335 	 1.1369 	 0.1942 	 0.3206 	 -1.4061
0.0000 	 0.0000 	 0.0000 	 0 	 0 	 -3.5943 	 4.0328 	 1.0546 	 0.1946 	 0.3203 	 -1.4058
0.0000 	 0.0000 	 0.0000 	 0 	 0 	 -3.5941 	 4.0010 	 1.0558 	 0.1944 	 0.3203 	 -1.4054
0.0000 	 0.0000 	 0.0000 	 0 	 0 	 -3.6045 	 4.0019 	 0.5360 	 0.1939 	 0.3206 	 -1.4008
0.0000 	 0.0000 	 0.0000 	 0 	 0 	 -3.6181 	 4.0352 	 -0.1059 	 0.1938 	 0.3201 	 -1.3952
0.0000 	 0.0000 	 0.0000 	 0 	 0 	 -3.6216 	 3.9709 	 -0.3044 	 0.1933 	 0.3213 	 -1.3932
0.0000 	 0.0000 	 0.0000 	 0 	 0 	 -3.6190 	 3.9709 	 -0.2262 	 0.1933 	 0.3202 	 -1.3942
0.0000 	 0.0000 	 0.0000 	 0 	 0 	 -3.6414 	 3.9866 	 0.0931 	 0.1944 	 0.3206 	 -1.3974
0.0000 	 0.0000 	 0.0000 	 0 	 0 	 -3.6010 	 4.0329 	 0.7329 	 0.1955 	 0.3200 	 -1.4037
0.0000 	 0.0000 	 0.0000 	 0 	 0 	 -3.6270 	 4.0174 	 0.8546 	 0.1951 	 0.3199 	 -1.4038
0.0000 	 0.0000 	 0.0000 	 0 	 0 	 -3.6271 	 4.0493 	 0.8949 	 0.1954 	 0.3207 	 -1.4045
0.0000 	 0.0000 	 0.0000 	 0 	 0 	 -3.6407 	 4.0329 	 1.4094 	 0.1949 	 0.3202 	 -1.4109
0.0000 	 0.0000 	 0.0000 	 0 	 0 	 -3.6315 	 4.0002 	 1.7664 	 0.1948 	 0.3203 	 -1.4151
0.0000 	 0.0000 	 0.0000 	 0 	 0 	 -3.6509 	 3.9838 	 2.1245 	 0.1947 	 0.3204 	 -1.4194
0.0000 	 0.0000 	 0.0000 	 0 	 0 	 -3.6229 	 4.0319 	 2.0831 	 0.1941 	 0.3205 	 -1.4194
0.0000 	 0.0000 	 0.0000 	 0 	 0 	 -3.6569 	 4.0173 	 1.8048 	 0.1933 	 0.3210 	 -1.4159
0.0000 	 0.0000 	 0.0000 	 0 	 0 	 -3.6357 	 4.0329 	 1.5267 	 0.1934 	 0.3224 	 -1.4130
0.0000 	 0.0000 	 0.0000 	 0 	 0 	 -3.6414 	 4.0337 	 1.2457 	 0.1933 	 0.3220 	 -1.4109
0.0000 	 0.0000 	 0.0000 	 0 	 0 	 -3.6149 	 4.0173 	 1.1251 	 0.1934 	 0.3216 	 -1.4101
0.0000 	 0.0000 	 0.0000 	 0 	 0 	 -3.6010 	 4.0011 	 0.6118 	 0.1939 	 0.3224 	 -1.4033
0.0000 	 0.0000 	 0.0000 	 0 	 0 	 -3.5827 	 3.9538 	 0.0509 	 0.1926 	 0.3220 	 -1.3982
0.0000 	 0.0000 	 0.0000 	 0 	 0 	 -3.6183 	 3.9385 	 -0.2687 	 0.1931 	 0.3218 	 -1.3952
0.0000 	 0.0000 	 0.0000 	 0 	 0 	 -3.6179 	 3.9710 	 -0.3114 	 0.1929 	 0.3224 	 -1.3954
0.0000 	 0.0000 	 0.0000 	 0 	 0 	 -3.6120 	 3.9708 	 0.0101 	 0.1929 	 0.3212 	 -1.3980
0.0000 	 0.0000 	 0.0000 	 0 	 0 	 -3.5750 	 3.9854 	 0.4082 	 0.1938 	 0.3205 	 -1.4022
0.0000 	 0.0000 	 0.0000 	 0 	 0 	 -3.5985 	 3.9697 	 0.5671 	 0.1928 	 0.3202 	 -1.4038
0.0000 	 0.0000 	 0.0000 	 0 	 0 	 -3.6225 	 3.9860 	 0.7661 	 0.1932 	 0.3198 	 -1.4058
0.0000 	 0.0000 	 0.0000 	 0 	 0 	 -3.6207 	 4.0181 	 0.8023 	 0.1934 	 0.3205 	 -1.4075
0.0000 	 0.0000 	 0.0000 	 0 	 0 	 -3.6181 	 4.0178 	 0.8808 	 0.1934 	 0.3194 	 -1.4087
0.0000 	 0.0000 	 0.0000 	 0 	 0 	 -3.6057 	 3.9849 	 1.3573 	 0.1930 	 0.3195 	 -1.4143
0.0000 	 0.0000 	 0.0000 	 0 	 0 	 -3.6406 	 3.9844 	 2.2321 	 0.1925 	 0.3188 	 -1.4242
0.0000 	 0.0000 	 0.0000 	 0 	 0 	 -3.6441 	 3.9845 	 2.0308 	 0.1927 	 0.3197 	 -1.4228
0.0000 	 0.0000 	 0.0000 	 0 	 0 	 -3.6524 	 3.9853 	 1.6713 	 0.1927 	 0.3201 	 -1.4194
0.0000 	 0.0000 	 0.0000 	 0 	 0 	 -3.6603 	 4.0177 	 1.3517 	 0.1933 	 0.3198 	 -1.4159
0.0000 	 0.0000 	 0.0000 	 0 	 0 	 -3.6354 	 4.0016 	 1.1940 	 0.1927 	 0.3199 	 -1.4142
0.0000 	 0.0000 	 0.0000 	 0 	 0 	 -3.6382 	 4.0336 	 1.1136 	 0.1933 	 0.3198 	 -1.4131
0.0000 	 0.0000 	 0.0000 	 0 	 0 	 -3.6121 	 3.9853 	 0.9947 	 0.1932 	 0.3194 	 -1.4122
0.0000 	 0.0000 	 0.0000 	 0 	 0 	 -3.6453 	 4.0026 	 0.7968 	 0.1926 	 0.3195 	 -1.4093
0.0000 	 0.0000 	 0.0000 	 0 	 0 	 -3.6290 	 3.9870 	 0.2393 	 0.1915 	 0.3212 	 -1.4037
0.0000 	 0.0000 	 0.0000 	 0 	 0 	 -3.6126 	 3.9715 	 -0.2369 	 0.1913 	 0.3215 	 -1.3980
0.0000 	 0.0000 	 0.0000 	 0 	 0 	 -3.6126 	 3.9715 	 -0.2369 	 0.1913 	 0.3215 	 -1.3980
0.0000 	 0.0000 	 0.0000 	 0 	 0 	 -3.6258 	 3.9867 	 0.5234 	 0.1925 	 0.3210 	 -1.4046
0.0000 	 0.0000 	 0.0000 	 0 	 0 	 -3.6213 	 3.9861 	 0.6393 	 0.1922 	 0.3207 	 -1.4073
0.0000 	 0.0000 	 0.0000 	 0 	 0 	 -3.6485 	 4.0339 	 0.7595 	 0.1933 	 0.3220 	 -1.4082
0.0000 	 0.0000 	 0.0000 	 0 	 0 	 -3.6462 	 4.0338 	 0.8374 	 0.1933 	 0.3212 	 -1.4095
0.0000 	 0.0000 	 0.0000 	 0 	 0 	 -3.6719 	 4.0177 	 0.8742 	 0.1935 	 0.3224 	 -1.4111
0.0000 	 0.0000 	 0.0000 	 0 	 0 	 -3.6599 	 4.0166 	 1.3904 	 0.1942 	 0.3215 	 -1.4171
0.0000 	 0.0000 	 0.0000 	 0 	 0 	 -3.6739 	 4.0320 	 1.9863 	 0.1944 	 0.3216 	 -1.4242
0.0000 	 0.0000 	 0.0000 	 0 	 0 	 -3.6683 	 4.0320 	 2.1847 	 0.1935 	 0.3217 	 -1.4264
0.0000 	 0.0000 	 0.0000 	 0 	 0 	 -3.6707 	 4.0322 	 2.0650 	 0.1938 	 0.3217 	 -1.4254
0.0000 	 0.0000 	 0.0000 	 0 	 0 	 -3.6226 	 4.0319 	 1.6648 	 0.1937 	 0.3207 	 -1.4218
0.0000 	 0.0000 	 0.0000 	 0 	 0 	 -3.6577 	 4.0172 	 1.3046 	 0.1926 	 0.3222 	 -1.4186
0.0000 	 0.0000 	 0.0000 	 0 	 0 	 -3.6641 	 4.0181 	 1.0277 	 0.1921 	 0.3228 	 -1.4149
0.0000 	 0.0000 	 0.0000 	 0 	 0 	 -3.6645 	 4.0181 	 0.9862 	 0.1921 	 0.3220 	 -1.4150
0.0000 	 0.0000 	 0.0000 	 0 	 0 	 -3.6749 	 4.0191 	 0.5072 	 0.1918 	 0.3222 	 -1.4101
0.0000 	 0.0000 	 0.0000 	 0 	 0 	 -3.6566 	 4.0033 	 0.0274 	 0.1919 	 0.3222 	 -1.4057
0.0000 	 0.0000 	 0.0000 	 0 	 0 	 -3.6630 	 3.9716 	 -0.3340 	 0.1916 	 0.3227 	 -1.4029
0.0000 	 0.0000 	 0.0000 	 0 	 0 	 -3.6620 	 3.9716 	 -0.2106 	 0.1916 	 0.3226 	 -1.4029
0.0000 	 0.0000 	 0.0000 	 0 	 0 	 -3.6551 	 3.9710 	 0.0255 	 0.1917 	 0.3222 	 -1.4065
0.0000 	 0.0000 	 0.0000 	 0 	 0 	 -3.6761 	 4.0183 	 0.4665 	 0.1925 	 0.3229 	 -1.4101
0.0000 	 0.0000 	 0.0000 	 0 	 0 	 -3.7007 	 4.0022 	 0.6266 	 0.1927 	 0.3235 	 -1.4115
0.0000 	 0.0000 	 0.0000 	 0 	 0 	 -3.6982 	 4.0341 	 0.7449 	 0.1929 	 0.3234 	 -1.4131
0.0000 	 0.0000 	 0.0000 	 0 	 0 	 -3.7256 	 4.0500 	 0.8247 	 0.1937 	 0.3240 	 -1.4139
0.0000 	 0.0000 	 0.0000 	 0 	 0 	 -3.7024 	 4.0163 	 1.8224 	 0.1930 	 0.3257 	 -1.4243
0.0000 	 0.0000 	 0.0000 	 0 	 0 	 -3.7247 	 3.9998 	 2.1014 	 0.1933 	 0.3254 	 -1.4271
0.0000 	 0.0000 	 0.0000 	 0 	 0 	 -3.6957 	 3.9827 	 2.1421 	 0.1935 	 0.3260 	 -1.4278
0.0000 	 0.0000 	 0.0000 	 0 	 0 	 -3.6759 	 3.9992 	 1.8260 	 0.1933 	 0.3267 	 -1.4235
0.0000 	 0.0000 	 0.0000 	 0 	 0 	 -3.6540 	 4.0159 	 1.5050 	 0.1929 	 0.3262 	 -1.4207
0.0000 	 0.0000 	 0.0000 	 0 	 0 	 -3.6305 	 4.0005 	 1.3094 	 0.1918 	 0.3255 	 -1.4178
0.0000 	 0.0000 	 0.0000 	 0 	 0 	 -3.6334 	 4.0004 	 1.1896 	 0.1918 	 0.3256 	 -1.4165
0.0000 	 0.0000 	 0.0000 	 0 	 0 	 -3.6091 	 4.0162 	 1.0708 	 0.1925 	 0.3243 	 -1.4150
0.0000 	 0.0000 	 0.0000 	 0 	 0 	 -3.5816 	 4.0001 	 1.0323 	 0.1917 	 0.3245 	 -1.4142
0.0000 	 0.0000 	 0.0000 	 0 	 0 	 -3.5923 	 4.0011 	 0.5118 	 0.1919 	 0.3242 	 -1.4093
0.0000 	 0.0000 	 0.0000 	 0 	 0 	 -3.6027 	 4.0019 	 0.0328 	 0.1918 	 0.3244 	 -1.4045
0.0000 	 0.0000 	 0.0000 	 0 	 0 	 -3.6287 	 3.9859 	 0.0689 	 0.1924 	 0.3240 	 -1.4059
0.0000 	 0.0000 	 0.0000 	 0 	 0 	 -3.6523 	 4.0020 	 0.3095 	 0.1923 	 0.3240 	 -1.4081
0.0000 	 0.0000 	 0.0000 	 0 	 0 	 -3.7017 	 3.9691 	 0.6701 	 0.1931 	 0.3257 	 -1.4111
0.0000 	 0.0000 	 0.0000 	 0 	 0 	 -3.7281 	 4.0179 	 0.7894 	 0.1935 	 0.3256 	 -1.4122
0.0000 	 0.0000 	 0.0000 	 0 	 0 	 -3.7264 	 4.0173 	 0.8274 	 0.1933 	 0.3263 	 -1.4137
0.0000 	 0.0000 	 0.0000 	 0 	 0 	 -3.6977 	 4.0004 	 0.9089 	 0.1938 	 0.3267 	 -1.4139
0.0000 	 0.0000 	 0.0000 	 0 	 0 	 -3.7155 	 4.0165 	 1.3063 	 0.1933 	 0.3261 	 -1.4185
0.0000 	 0.0000 	 0.0000 	 0 	 0 	 -3.7050 	 3.9839 	 1.7456 	 0.1925 	 0.3263 	 -1.4230
0.0000 	 0.0000 	 0.0000 	 0 	 0 	 -3.6970 	 3.9836 	 2.1046 	 0.1925 	 0.3261 	 -1.4263
0.0000 	 0.0000 	 0.0000 	 0 	 0 	 -3.6957 	 3.9837 	 2.1869 	 0.1921 	 0.3267 	 -1.4266
0.0000 	 0.0000 	 0.0000 	 0 	 0 	 -3.6202 	 3.9675 	 1.7895 	 0.1919 	 0.3253 	 -1.4222
0.0000 	 0.0000 	 0.0000 	 0 	 0 	 -3.6050 	 3.9527 	 1.2346 	 0.1908 	 0.3250 	 -1.4151
0.0000 	 0.0000 	 0.0000 	 0 	 0 	 -3.6362 	 4.0013 	 1.1140 	 0.1914 	 0.3255 	 -1.4138
0.0000 	 0.0000 	 0.0000 	 0 	 0 	 -3.6104 	 3.9847 	 1.0760 	 0.1919 	 0.3257 	 -1.4131
0.0000 	 0.0000 	 0.0000 	 0 	 0 	 -3.5856 	 4.0004 	 0.9992 	 0.1920 	 0.3261 	 -1.4117
0.0000 	 0.0000 	 0.0000 	 0 	 0 	 -3.5990 	 3.9693 	 0.4022 	 0.1917 	 0.3263 	 -1.4053
0.0000 	 0.0000 	 0.0000 	 0 	 0 	 -3.6067 	 3.9696 	 0.0429 	 0.1916 	 0.3268 	 -1.4016
0.0000 	 0.0000 	 0.0000 	 0 	 0 	 -3.6130 	 4.0019 	 -0.2385 	 0.1916 	 0.3281 	 -1.3996
0.0000 	 0.0000 	 0.0000 	 0 	 0 	 -3.6079 	 3.9697 	 -0.0392 	 0.1916 	 0.3273 	 -1.4016
0.0000 	 0.0000 	 0.0000 	 0 	 0 	 -3.6269 	 3.9853 	 0.3173 	 0.1915 	 0.3273 	 -1.4061
0.0000 	 0.0000 	 0.0000 	 0 	 0 	 -3.6493 	 4.0010 	 0.6368 	 0.1926 	 0.3280 	 -1.4090
0.0000 	 0.0000 	 0.0000 	 0 	 0 	 -3.6464 	 4.0008 	 0.7563 	 0.1927 	 0.3280 	 -1.4102
0.0000 	 0.0000 	 0.0000 	 0 	 0 	 -3.6386 	 4.0000 	 1.1573 	 0.1927 	 0.3285 	 -1.4138
0.0000 	 0.0000 	 0.0000 	 0 	 0 	 -3.6529 	 3.9828 	 1.7954 	 0.1931 	 0.3278 	 -1.4203
0.0000 	 0.0000 	 0.0000 	 0 	 0 	 -3.6450 	 3.9822 	 2.1549 	 0.1934 	 0.3279 	 -1.4242
0.0000 	 0.0000 	 0.0000 	 0 	 0 	 -3.6151 	 3.9980 	 2.2345 	 0.1933 	 0.3269 	 -1.4250
0.0000 	 0.0000 	 0.0000 	 0 	 0 	 -3.6241 	 3.9991 	 1.8376 	 0.1925 	 0.3275 	 -1.4201
0.0000 	 0.0000 	 0.0000 	 0 	 0 	 -3.6020 	 4.0154 	 1.5584 	 0.1922 	 0.3278 	 -1.4173
0.0000 	 0.0000 	 0.0000 	 0 	 0 	 -3.6074 	 4.0161 	 1.3192 	 0.1921 	 0.3276 	 -1.4146
0.0000 	 0.0000 	 0.0000 	 0 	 0 	 -3.6112 	 3.9835 	 1.1183 	 0.1923 	 0.3274 	 -1.4130
0.0000 	 0.0000 	 0.0000 	 0 	 0 	 -3.5838 	 3.9678 	 1.0803 	 0.1915 	 0.3276 	 -1.4122
0.0000 	 0.0000 	 0.0000 	 0 	 0 	 -3.5865 	 3.9997 	 1.0000 	 0.1926 	 0.3275 	 -1.4117
0.0000 	 0.0000 	 0.0000 	 0 	 0 	 -3.5673 	 3.9841 	 0.6023 	 0.1925 	 0.3267 	 -1.4073
0.0000 	 0.0000 	 0.0000 	 0 	 0 	 -3.6131 	 3.9693 	 -0.1960 	 0.1920 	 0.3280 	 -1.3990
0.0000 	 0.0000 	 0.0000 	 0 	 0 	 -3.5852 	 3.9842 	 -0.1972 	 0.1928 	 0.3290 	 -1.3998
0.0000 	 0.0000 	 0.0000 	 0 	 0 	 -3.6046 	 3.9684 	 0.1195 	 0.1921 	 0.3291 	 -1.4038
0.0000 	 0.0000 	 0.0000 	 0 	 0 	 -3.6266 	 3.9835 	 0.4801 	 0.1932 	 0.3306 	 -1.4073
0.0000 	 0.0000 	 0.0000 	 0 	 0 	 -3.6230 	 3.9834 	 0.6819 	 0.1932 	 0.3297 	 -1.4082
0.0000 	 0.0000 	 0.0000 	 0 	 0 	 -3.6210 	 4.0151 	 0.8014 	 0.1934 	 0.3317 	 -1.4101
0.0000 	 0.0000 	 0.0000 	 0 	 0 	 -3.6472 	 3.9995 	 0.8819 	 0.1931 	 0.3314 	 -1.4102
0.0000 	 0.0000 	 0.0000 	 0 	 0 	 -3.6473 	 4.0317 	 0.8802 	 0.1933 	 0.3313 	 -1.4108
0.0000 	 0.0000 	 0.0000 	 0 	 0 	 -3.6368 	 3.9987 	 1.3609 	 0.1934 	 0.3309 	 -1.4153
0.0000 	 0.0000 	 0.0000 	 0 	 0 	 -3.6524 	 3.9829 	 1.8374 	 0.1927 	 0.3300 	 -1.4202
0.0000 	 0.0000 	 0.0000 	 0 	 0 	 -3.6473 	 3.9817 	 2.1598 	 0.1934 	 0.3302 	 -1.4229
0.0000 	 0.0000 	 0.0000 	 0 	 0 	 -3.6048 	 3.9830 	 1.5642 	 0.1926 	 0.3290 	 -1.4157
0.0000 	 0.0000 	 0.0000 	 0 	 0 	 -3.5812 	 3.9666 	 1.3239 	 0.1925 	 0.3286 	 -1.4137
0.0000 	 0.0000 	 0.0000 	 0 	 0 	 -3.5836 	 3.9674 	 1.1631 	 0.1915 	 0.3291 	 -1.4125
0.0000 	 0.0000 	 0.0000 	 0 	 0 	 -3.5853 	 3.9678 	 1.1252 	 0.1915 	 0.3283 	 -1.4110
0.0000 	 0.0000 	 0.0000 	 0 	 0 	 -3.5864 	 3.9675 	 1.0018 	 0.1915 	 0.3284 	 -1.4110
0.0000 	 0.0000 	 0.0000 	 0 	 0 	 -3.5917 	 3.9682 	 0.7626 	 0.1915 	 0.3287 	 -1.4089
0.0000 	 0.0000 	 0.0000 	 0 	 0 	 -3.6340 	 3.9536 	 0.1661 	 0.1913 	 0.3292 	 -1.4017
0.0000 	 0.0000 	 0.0000 	 0 	 0 	 -3.6128 	 4.0018 	 -0.1552 	 0.1916 	 0.3296 	 -1.3996
0.0000 	 0.0000 	 0.0000 	 0 	 0 	 -3.6140 	 4.0012 	 -0.1962 	 0.1922 	 0.3303 	 -1.3996
0.0000 	 0.0000 	 0.0000 	 0 	 0 	 -3.6624 	 4.0014 	 0.1209 	 0.1923 	 0.3298 	 -1.4032
0.0000 	 0.0000 	 0.0000 	 0 	 0 	 -3.6571 	 4.0012 	 0.3606 	 0.1923 	 0.3294 	 -1.4054
0.0000 	 0.0000 	 0.0000 	 0 	 0 	 -3.6491 	 3.9996 	 0.8440 	 0.1931 	 0.3304 	 -1.4090
0.0000 	 0.0000 	 0.0000 	 0 	 0 	 -3.6488 	 3.9997 	 0.8855 	 0.1931 	 0.3311 	 -1.4090
0.0000 	 0.0000 	 0.0000 	 0 	 0 	 -3.6425 	 3.9996 	 1.1657 	 0.1927 	 0.3306 	 -1.4116
0.0000 	 0.0000 	 0.0000 	 0 	 0 	 -3.6322 	 3.9987 	 1.6855 	 0.1934 	 0.3303 	 -1.4165
0.0000 	 0.0000 	 0.0000 	 0 	 0 	 -3.6205 	 3.9658 	 2.2062 	 0.1930 	 0.3285 	 -1.4209
0.0000 	 0.0000 	 0.0000 	 0 	 0 	 -3.6203 	 3.9664 	 2.1654 	 0.1923 	 0.3287 	 -1.4209
0.0000 	 0.0000 	 0.0000 	 0 	 0 	 -3.5984 	 3.9822 	 1.9688 	 0.1927 	 0.3296 	 -1.4181
0.0000 	 0.0000 	 0.0000 	 0 	 0 	 -3.6063 	 3.9830 	 1.6093 	 0.1926 	 0.3297 	 -1.4144
0.0000 	 0.0000 	 0.0000 	 0 	 0 	 -3.6113 	 3.9520 	 1.2476 	 0.1908 	 0.3296 	 -1.4116
0.0000 	 0.0000 	 0.0000 	 0 	 0 	 -3.6126 	 3.9531 	 1.1273 	 0.1903 	 0.3288 	 -1.4104
0.0000 	 0.0000 	 0.0000 	 0 	 0 	 -3.5863 	 3.9686 	 1.0051 	 0.1904 	 0.3284 	 -1.4098
0.0000 	 0.0000 	 0.0000 	 0 	 0 	 -3.6072 	 4.0023 	 0.1288 	 0.1903 	 0.3305 	 -1.4005
0.0000 	 0.0000 	 0.0000 	 0 	 0 	 -3.6136 	 3.9706 	 -0.2326 	 0.1900 	 0.3305 	 -1.3977
0.0000 	 0.0000 	 0.0000 	 0 	 0 	 -3.6440 	 3.9866 	 -0.2726 	 0.1908 	 0.3313 	 -1.3975
0.0000 	 0.0000 	 0.0000 	 0 	 0 	 -3.6387 	 3.9856 	 0.0080 	 0.1915 	 0.3308 	 -1.3997
0.0000 	 0.0000 	 0.0000 	 0 	 0 	 -3.6596 	 4.0019 	 0.3270 	 0.1910 	 0.3310 	 -1.4031
0.0000 	 0.0000 	 0.0000 	 0 	 0 	 -3.6540 	 4.0018 	 0.5667 	 0.1910 	 0.3309 	 -1.4056
0.0000 	 0.0000 	 0.0000 	 0 	 0 	 -3.6513 	 4.0011 	 0.7280 	 0.1910 	 0.3318 	 -1.4068
0.0000 	 0.0000 	 0.0000 	 0 	 0 	 -3.6779 	 3.9850 	 0.8907 	 0.1919 	 0.3316 	 -1.4069
0.0000 	 0.0000 	 0.0000 	 0 	 0 	 -3.6477 	 4.0011 	 0.9295 	 0.1911 	 0.3307 	 -1.4077
0.0000 	 0.0000 	 0.0000 	 0 	 0 	 -3.6401 	 3.9682 	 1.3310 	 0.1916 	 0.3302 	 -1.4112
0.0000 	 0.0000 	 0.0000 	 0 	 0 	 -3.6560 	 3.9837 	 1.8892 	 0.1918 	 0.3294 	 -1.4168
0.0000 	 0.0000 	 0.0000 	 0 	 0 	 -3.6547 	 3.9844 	 1.9713 	 0.1914 	 0.3300 	 -1.4168
0.0000 	 0.0000 	 0.0000 	 0 	 0 	 -3.6594 	 3.9533 	 1.6095 	 0.1895 	 0.3299 	 -1.4140
0.0000 	 0.0000 	 0.0000 	 0 	 0 	 -3.6387 	 3.9691 	 1.2894 	 0.1902 	 0.3294 	 -1.4112
0.0000 	 0.0000 	 0.0000 	 0 	 0 	 -3.6128 	 3.9208 	 1.1700 	 0.1901 	 0.3296 	 -1.4097
0.0000 	 0.0000 	 0.0000 	 0 	 0 	 -3.6141 	 3.9533 	 1.1311 	 0.1897 	 0.3297 	 -1.4089
0.0000 	 0.0000 	 0.0000 	 0 	 0 	 -3.6151 	 3.9209 	 1.0507 	 0.1892 	 0.3308 	 -1.4085
0.0000 	 0.0000 	 0.0000 	 0 	 0 	 -3.5982 	 3.9383 	 0.4905 	 0.1888 	 0.3302 	 -1.4033
0.0000 	 0.0000 	 0.0000 	 0 	 0 	 -3.6363 	 3.9226 	 0.0928 	 0.1893 	 0.3309 	 -1.3991
0.0000 	 0.0000 	 0.0000 	 0 	 0 	 -3.6717 	 3.9405 	 -0.2246 	 0.1885 	 0.3309 	 -1.3950
0.0000 	 0.0000 	 0.0000 	 0 	 0 	 -3.6446 	 3.9559 	 -0.1824 	 0.1892 	 0.3306 	 -1.3944
0.0000 	 0.0000 	 0.0000 	 0 	 0 	 -3.6669 	 3.9391 	 0.0970 	 0.1901 	 0.3303 	 -1.3972
0.0000 	 0.0000 	 0.0000 	 0 	 0 	 -3.6260 	 3.9222 	 0.6987 	 0.1894 	 0.3307 	 -1.4027
0.0000 	 0.0000 	 0.0000 	 0 	 0 	 -3.6249 	 3.9541 	 0.8209 	 0.1896 	 0.3306 	 -1.4028
0.0000 	 0.0000 	 0.0000 	 0 	 0 	 -3.6251 	 3.9537 	 0.8617 	 0.1900 	 0.3305 	 -1.4028
0.0000 	 0.0000 	 0.0000 	 0 	 0 	 -3.6516 	 3.9701 	 0.9825 	 0.1904 	 0.3304 	 -1.4036
0.0000 	 0.0000 	 0.0000 	 0 	 0 	 -3.6382 	 3.9695 	 1.5394 	 0.1902 	 0.3294 	 -1.4097
0.0000 	 0.0000 	 0.0000 	 0 	 0 	 -3.6567 	 3.9850 	 2.0195 	 0.1907 	 0.3293 	 -1.4141
0.0000 	 0.0000 	 0.0000 	 0 	 0 	 -3.6516 	 3.9529 	 2.2186 	 0.1902 	 0.3288 	 -1.4161
0.0000 	 0.0000 	 0.0000 	 0 	 0 	 -3.6251 	 3.9365 	 2.0983 	 0.1903 	 0.3284 	 -1.4153
0.0000 	 0.0000 	 0.0000 	 0 	 0 	 -3.6054 	 3.9198 	 1.6975 	 0.1908 	 0.3290 	 -1.4124
0.0000 	 0.0000 	 0.0000 	 0 	 0 	 -3.5832 	 3.9367 	 1.3766 	 0.1900 	 0.3285 	 -1.4096
0.0000 	 0.0000 	 0.0000 	 0 	 0 	 -3.5889 	 3.9373 	 1.0958 	 0.1899 	 0.3276 	 -1.4069
0.0000 	 0.0000 	 0.0000 	 0 	 0 	 -3.6203 	 3.9219 	 0.9783 	 0.1901 	 0.3279 	 -1.4049
0.0000 	 0.0000 	 0.0000 	 0 	 0 	 -3.6021 	 3.9378 	 0.5797 	 0.1905 	 0.3285 	 -1.4011
0.0000 	 0.0000 	 0.0000 	 0 	 0 	 -3.6413 	 3.9553 	 0.0602 	 0.1902 	 0.3291 	 -1.3956
0.0000 	 0.0000 	 0.0000 	 0 	 0 	 -3.6225 	 3.9393 	 -0.2551 	 0.1907 	 0.3287 	 -1.3915
0.0000 	 0.0000 	 0.0000 	 0 	 0 	 -3.6514 	 3.9559 	 -0.2541 	 0.1905 	 0.3289 	 -1.3908
0.0000 	 0.0000 	 0.0000 	 0 	 0 	 -3.6171 	 3.9388 	 0.0259 	 0.1904 	 0.3296 	 -1.3936
0.0000 	 0.0000 	 0.0000 	 0 	 0 	 -3.6105 	 3.9704 	 0.3460 	 0.1907 	 0.3284 	 -1.3964
0.0000 	 0.0000 	 0.0000 	 0 	 0 	 -3.6050 	 3.9697 	 0.6686 	 0.1907 	 0.3300 	 -1.3991
0.0000 	 0.0000 	 0.0000 	 0 	 0 	 -3.6028 	 3.9704 	 0.7909 	 0.1903 	 0.3286 	 -1.3991
0.0000 	 0.0000 	 0.0000 	 0 	 0 	 -3.6017 	 3.9378 	 0.8713 	 0.1905 	 0.3292 	 -1.3999
0.0000 	 0.0000 	 0.0000 	 0 	 0 	 -3.6277 	 3.9541 	 0.9918 	 0.1907 	 0.3291 	 -1.4007
0.0000 	 0.0000 	 0.0000 	 0 	 0 	 -3.6020 	 3.9209 	 2.1935 	 0.1900 	 0.3277 	 -1.4111
0.0000 	 0.0000 	 0.0000 	 0 	 0 	 -3.6020 	 3.9209 	 2.1935 	 0.1900 	 0.3277 	 -1.4111
0.0000 	 0.0000 	 0.0000 	 0 	 0 	 -3.6069 	 3.9211 	 1.9955 	 0.1899 	 0.3283 	 -1.4084
0.0000 	 0.0000 	 0.0000 	 0 	 0 	 -3.5892 	 3.9050 	 1.5568 	 0.1907 	 0.3282 	 -1.4043
0.0000 	 0.0000 	 0.0000 	 0 	 0 	 -3.6232 	 3.9219 	 1.3182 	 0.1905 	 0.3285 	 -1.4014
0.0000 	 0.0000 	 0.0000 	 0 	 0 	 -3.5969 	 3.9383 	 1.1136 	 0.1902 	 0.3280 	 -1.4008
0.0000 	 0.0000 	 0.0000 	 0 	 0 	 -3.5710 	 3.9545 	 1.0362 	 0.1896 	 0.3274 	 -1.3992
0.0000 	 0.0000 	 0.0000 	 0 	 0 	 -3.5722 	 3.9220 	 0.9551 	 0.1898 	 0.3268 	 -1.3991
0.0000 	 0.0000 	 0.0000 	 0 	 0 	 -3.5827 	 3.9229 	 0.5177 	 0.1897 	 0.3278 	 -1.3942
0.0000 	 0.0000 	 0.0000 	 0 	 0 	 -3.6222 	 3.9406 	 -0.0013 	 0.1893 	 0.3286 	 -1.3887
0.0000 	 0.0000 	 0.0000 	 0 	 0 	 -3.6011 	 3.9563 	 -0.2801 	 0.1901 	 0.3289 	 -1.3859
0.0000 	 0.0000 	 0.0000 	 0 	 0 	 -3.6183 	 3.9711 	 0.2782 	 0.1916 	 0.3281 	 -1.3916
0.0000 	 0.0000 	 0.0000 	 0 	 0 	 -3.6121 	 3.9706 	 0.5995 	 0.1916 	 0.3275 	 -1.3942
0.0000 	 0.0000 	 0.0000 	 0 	 0 	 -3.6383 	 3.9870 	 0.7201 	 0.1915 	 0.3273 	 -1.3950
0.0000 	 0.0000 	 0.0000 	 0 	 0 	 -3.6369 	 3.9543 	 0.8005 	 0.1920 	 0.3280 	 -1.3958
0.0000 	 0.0000 	 0.0000 	 0 	 0 	 -3.6358 	 3.9869 	 0.8813 	 0.1916 	 0.3283 	 -1.3960
0.0000 	 0.0000 	 0.0000 	 0 	 0 	 -3.6249 	 3.9858 	 1.3603 	 0.1919 	 0.3278 	 -1.4008
0.0000 	 0.0000 	 0.0000 	 0 	 0 	 -3.6145 	 3.9527 	 1.8819 	 0.1915 	 0.3284 	 -1.4055
0.0000 	 0.0000 	 0.0000 	 0 	 0 	 -3.6064 	 3.9519 	 2.2829 	 0.1915 	 0.3292 	 -1.4091
0.0000 	 0.0000 	 0.0000 	 0 	 0 	 -3.6087 	 3.9849 	 2.1207 	 0.1910 	 0.3294 	 -1.4080
0.0000 	 0.0000 	 0.0000 	 0 	 0 	 -3.6430 	 3.9697 	 1.8832 	 0.1912 	 0.3300 	 -1.4050
0.0000 	 0.0000 	 0.0000 	 0 	 0 	 -3.5945 	 3.9695 	 1.5245 	 0.1911 	 0.3298 	 -1.4014
0.0000 	 0.0000 	 0.0000 	 0 	 0 	 -3.6315 	 3.9548 	 1.0849 	 0.1900 	 0.3298 	 -1.3967
0.0000 	 0.0000 	 0.0000 	 0 	 0 	 -3.5782 	 3.9541 	 1.0071 	 0.1909 	 0.3290 	 -1.3958
0.0000 	 0.0000 	 0.0000 	 0 	 0 	 -3.5806 	 3.9221 	 0.8888 	 0.1907 	 0.3289 	 -1.3942
0.0000 	 0.0000 	 0.0000 	 0 	 0 	 -3.5926 	 3.9233 	 0.3721 	 0.1899 	 0.3297 	 -1.3881
0.0000 	 0.0000 	 0.0000 	 0 	 0 	 -3.5760 	 3.9714 	 -0.0241 	 0.1908 	 0.3301 	 -1.3830
0.0000 	 0.0000 	 0.0000 	 0 	 0 	 -3.5813 	 3.9397 	 -0.2624 	 0.1906 	 0.3300 	 -1.3805
0.0000 	 0.0000 	 0.0000 	 0 	 0 	 -3.5801 	 3.9707 	 -0.1435 	 0.1922 	 0.3299 	 -1.3819
0.0000 	 0.0000 	 0.0000 	 0 	 0 	 -3.5719 	 3.9386 	 0.1761 	 0.1911 	 0.3302 	 -1.3853
0.0000 	 0.0000 	 0.0000 	 0 	 0 	 -3.5655 	 3.9386 	 0.4145 	 0.1907 	 0.3289 	 -1.3875
0.0000 	 0.0000 	 0.0000 	 0 	 0 	 -3.5907 	 3.9218 	 0.6568 	 0.1920 	 0.3293 	 -1.3893
0.0000 	 0.0000 	 0.0000 	 0 	 0 	 -3.5865 	 3.9225 	 0.7760 	 0.1906 	 0.3292 	 -1.3903
0.0000 	 0.0000 	 0.0000 	 0 	 0 	 -3.6257 	 3.9222 	 1.6587 	 0.1905 	 0.3300 	 -1.3975
0.0000 	 0.0000 	 0.0000 	 0 	 0 	 -3.6435 	 3.9372 	 2.0942 	 0.1916 	 0.3301 	 -1.4031
0.0000 	 0.0000 	 0.0000 	 0 	 0 	 -3.6397 	 3.9377 	 2.2138 	 0.1903 	 0.3303 	 -1.4043
0.0000 	 0.0000 	 0.0000 	 0 	 0 	 -3.6449 	 3.9378 	 2.0569 	 0.1907 	 0.3308 	 -1.4021
0.0000 	 0.0000 	 0.0000 	 0 	 0 	 -3.6255 	 3.9541 	 1.6988 	 0.1908 	 0.3305 	 -1.3981
0.0000 	 0.0000 	 0.0000 	 0 	 0 	 -3.6045 	 3.9703 	 1.3374 	 0.1908 	 0.3304 	 -1.3953
0.0000 	 0.0000 	 0.0000 	 0 	 0 	 -3.6071 	 3.9386 	 1.1365 	 0.1901 	 0.3301 	 -1.3937
0.0000 	 0.0000 	 0.0000 	 0 	 0 	 -3.6086 	 3.9075 	 1.0589 	 0.1890 	 0.3300 	 -1.3918
0.0000 	 0.0000 	 0.0000 	 0 	 0 	 -3.6115 	 3.9074 	 0.9394 	 0.1890 	 0.3298 	 -1.3909
0.0000 	 0.0000 	 0.0000 	 0 	 0 	 -3.5884 	 3.9236 	 0.8244 	 0.1893 	 0.3300 	 -1.3881
0.0000 	 0.0000 	 0.0000 	 0 	 0 	 -3.5772 	 3.9081 	 0.1914 	 0.1895 	 0.3305 	 -1.3798
0.0000 	 0.0000 	 0.0000 	 0 	 0 	 -3.5893 	 3.9411 	 -0.2439 	 0.1899 	 0.3312 	 -1.3741
0.0000 	 0.0000 	 0.0000 	 0 	 0 	 -3.5856 	 3.9409 	 -0.0006 	 0.1897 	 0.3314 	 -1.3755
0.0000 	 0.0000 	 0.0000 	 0 	 0 	 -3.6055 	 3.9242 	 0.3167 	 0.1899 	 0.3327 	 -1.3793
0.0000 	 0.0000 	 0.0000 	 0 	 0 	 -3.5994 	 3.9235 	 0.6798 	 0.1897 	 0.3328 	 -1.3819
0.0000 	 0.0000 	 0.0000 	 0 	 0 	 -3.5968 	 3.8914 	 0.8010 	 0.1895 	 0.3325 	 -1.3828
0.0000 	 0.0000 	 0.0000 	 0 	 0 	 -3.5968 	 3.9232 	 0.8406 	 0.1906 	 0.3323 	 -1.3829
0.0000 	 0.0000 	 0.0000 	 0 	 0 	 -3.6243 	 3.9073 	 0.8808 	 0.1903 	 0.3333 	 -1.3835
0.0000 	 0.0000 	 0.0000 	 0 	 0 	 -3.6423 	 3.9228 	 1.3606 	 0.1905 	 0.3330 	 -1.3877
0.0000 	 0.0000 	 0.0000 	 0 	 0 	 -3.6303 	 3.9226 	 1.9218 	 0.1901 	 0.3334 	 -1.3928
0.0000 	 0.0000 	 0.0000 	 0 	 0 	 -3.6516 	 3.9388 	 2.2400 	 0.1900 	 0.3324 	 -1.3960
0.0000 	 0.0000 	 0.0000 	 0 	 0 	 -3.6254 	 3.8897 	 2.2035 	 0.1906 	 0.3327 	 -1.3948
0.0000 	 0.0000 	 0.0000 	 0 	 0 	 -3.5892 	 3.9230 	 1.3273 	 0.1897 	 0.3333 	 -1.3855
0.0000 	 0.0000 	 0.0000 	 0 	 0 	 -3.5645 	 3.9067 	 1.1688 	 0.1899 	 0.3322 	 -1.3835
0.0000 	 0.0000 	 0.0000 	 0 	 0 	 -3.5380 	 3.9229 	 1.0473 	 0.1890 	 0.3334 	 -1.3829
0.0000 	 0.0000 	 0.0000 	 0 	 0 	 -3.5685 	 3.9719 	 1.0503 	 0.1896 	 0.3336 	 -1.3819
0.0000 	 0.0000 	 0.0000 	 0 	 0 	 -3.5818 	 3.9404 	 0.4527 	 0.1893 	 0.3339 	 -1.3752
0.0000 	 0.0000 	 0.0000 	 0 	 0 	 -3.5897 	 3.9732 	 0.0923 	 0.1892 	 0.3338 	 -1.3722
0.0000 	 0.0000 	 0.0000 	 0 	 0 	 -3.5975 	 3.9419 	 -0.2657 	 0.1890 	 0.3340 	 -1.3679
0.0000 	 0.0000 	 0.0000 	 0 	 0 	 -3.6259 	 3.9254 	 -0.2661 	 0.1898 	 0.3353 	 -1.3686
0.0000 	 0.0000 	 0.0000 	 0 	 0 	 -3.6469 	 3.9090 	 0.0954 	 0.1895 	 0.3356 	 -1.3711
0.0000 	 0.0000 	 0.0000 	 0 	 0 	 -3.6692 	 3.8923 	 0.4158 	 0.1904 	 0.3358 	 -1.3739
0.0000 	 0.0000 	 0.0000 	 0 	 0 	 -3.6637 	 3.9247 	 0.6131 	 0.1897 	 0.3361 	 -1.3768
0.0000 	 0.0000 	 0.0000 	 0 	 0 	 -3.6325 	 3.9396 	 0.9403 	 0.1901 	 0.3373 	 -1.3775
0.0000 	 0.0000 	 0.0000 	 0 	 0 	 -3.6599 	 3.8920 	 0.9404 	 0.1895 	 0.3378 	 -1.3775
0.0000 	 0.0000 	 0.0000 	 0 	 0 	 -3.6770 	 3.9064 	 1.5402 	 0.1911 	 0.3377 	 -1.3832
0.0000 	 0.0000 	 0.0000 	 0 	 0 	 -3.6674 	 3.9385 	 1.9803 	 0.1909 	 0.3376 	 -1.3872
0.0000 	 0.0000 	 0.0000 	 0 	 0 	 -3.6353 	 3.9214 	 2.2636 	 0.1912 	 0.3372 	 -1.3888
0.0000 	 0.0000 	 0.0000 	 0 	 0 	 -3.6649 	 3.9060 	 2.1432 	 0.1905 	 0.3383 	 -1.3880
0.0000 	 0.0000 	 0.0000 	 0 	 0 	 -3.6471 	 3.9545 	 1.7876 	 0.1907 	 0.3383 	 -1.3831
0.0000 	 0.0000 	 0.0000 	 0 	 0 	 -3.6520 	 3.9233 	 1.4666 	 0.1898 	 0.3381 	 -1.3803
0.0000 	 0.0000 	 0.0000 	 0 	 0 	 -3.6017 	 3.8903 	 1.2705 	 0.1904 	 0.3377 	 -1.3775
0.0000 	 0.0000 	 0.0000 	 0 	 0 	 -3.6031 	 3.8911 	 1.2328 	 0.1895 	 0.3378 	 -1.3765
0.0000 	 0.0000 	 0.0000 	 0 	 0 	 -3.6058 	 3.8913 	 1.0718 	 0.1895 	 0.3371 	 -1.3753
0.0000 	 0.0000 	 0.0000 	 0 	 0 	 -3.6021 	 3.8765 	 0.0382 	 0.1892 	 0.3384 	 -1.3634
0.0000 	 0.0000 	 0.0000 	 0 	 0 	 -3.6364 	 3.8939 	 -0.2418 	 0.1896 	 0.3380 	 -1.3606
0.0000 	 0.0000 	 0.0000 	 0 	 0 	 -3.6367 	 3.8933 	 -0.2007 	 0.1900 	 0.3373 	 -1.3606
0.0000 	 0.0000 	 0.0000 	 0 	 0 	 -3.6285 	 3.9249 	 0.1986 	 0.1902 	 0.3382 	 -1.3649
0.0000 	 0.0000 	 0.0000 	 0 	 0 	 -3.6249 	 3.8916 	 0.3983 	 0.1916 	 0.3371 	 -1.3669
0.0000 	 0.0000 	 0.0000 	 0 	 0 	 -3.6194 	 3.8914 	 0.6380 	 0.1908 	 0.3381 	 -1.3690
0.0000 	 0.0000 	 0.0000 	 0 	 0 	 -3.6136 	 3.8914 	 0.8364 	 0.1904 	 0.3384 	 -1.3717
0.0000 	 0.0000 	 0.0000 	 0 	 0 	 -3.6126 	 3.9237 	 0.9168 	 0.1906 	 0.3376 	 -1.3719
0.0000 	 0.0000 	 0.0000 	 0 	 0 	 -3.6404 	 3.9071 	 0.9983 	 0.1912 	 0.3381 	 -1.3725
0.0000 	 0.0000 	 0.0000 	 0 	 0 	 -3.6530 	 3.8899 	 1.6744 	 0.1919 	 0.3387 	 -1.3802
0.0000 	 0.0000 	 0.0000 	 0 	 0 	 -3.6730 	 3.9060 	 2.1162 	 0.1918 	 0.3379 	 -1.3831
0.0000 	 0.0000 	 0.0000 	 0 	 0 	 -3.6496 	 3.9223 	 1.9606 	 0.1914 	 0.3382 	 -1.3803
0.0000 	 0.0000 	 0.0000 	 0 	 0 	 -3.6548 	 3.9233 	 1.6385 	 0.1905 	 0.3379 	 -1.3781
0.0000 	 0.0000 	 0.0000 	 0 	 0 	 -3.6325 	 3.9075 	 1.4016 	 0.1903 	 0.3376 	 -1.3746
0.0000 	 0.0000 	 0.0000 	 0 	 0 	 -3.6088 	 3.9231 	 1.2014 	 0.1906 	 0.3385 	 -1.3733
0.0000 	 0.0000 	 0.0000 	 0 	 0 	 -3.5831 	 3.9066 	 1.1222 	 0.1912 	 0.3380 	 -1.3725
0.0000 	 0.0000 	 0.0000 	 0 	 0 	 -3.5556 	 3.8905 	 1.0424 	 0.1903 	 0.3374 	 -1.3717
0.0000 	 0.0000 	 0.0000 	 0 	 0 	 -3.5910 	 3.9069 	 0.7627 	 0.1911 	 0.3379 	 -1.3689
0.0000 	 0.0000 	 0.0000 	 0 	 0 	 -3.6067 	 3.9084 	 0.0445 	 0.1908 	 0.3385 	 -1.3614
0.0000 	 0.0000 	 0.0000 	 0 	 0 	 -3.6136 	 3.9087 	 -0.1913 	 0.1907 	 0.3383 	 -1.3578
0.0000 	 0.0000 	 0.0000 	 0 	 0 	 -3.6134 	 3.9093 	 -0.2327 	 0.1903 	 0.3390 	 -1.3577
0.0000 	 0.0000 	 0.0000 	 0 	 0 	 -3.6054 	 3.9080 	 0.2507 	 0.1908 	 0.3397 	 -1.3614
0.0000 	 0.0000 	 0.0000 	 0 	 0 	 -3.5935 	 3.8746 	 0.7277 	 0.1909 	 0.3397 	 -1.3670
0.0000 	 0.0000 	 0.0000 	 0 	 0 	 -3.6193 	 3.8583 	 0.7638 	 0.1912 	 0.3395 	 -1.3689
0.0000 	 0.0000 	 0.0000 	 0 	 0 	 -3.6184 	 3.8907 	 0.8857 	 0.1917 	 0.3395 	 -1.3690
0.0000 	 0.0000 	 0.0000 	 0 	 0 	 -3.6402 	 3.8745 	 1.1238 	 0.1916 	 0.3395 	 -1.3718
0.0000 	 0.0000 	 0.0000 	 0 	 0 	 -3.6274 	 3.8730 	 1.8049 	 0.1924 	 0.3394 	 -1.3781
0.0000 	 0.0000 	 0.0000 	 0 	 0 	 -3.6455 	 3.8891 	 2.2023 	 0.1919 	 0.3393 	 -1.3823
0.0000 	 0.0000 	 0.0000 	 0 	 0 	 -3.6467 	 3.9535 	 2.2031 	 0.1921 	 0.3392 	 -1.3819
0.0000 	 0.0000 	 0.0000 	 0 	 0 	 -3.6256 	 3.9374 	 1.8846 	 0.1922 	 0.3397 	 -1.3789
0.0000 	 0.0000 	 0.0000 	 0 	 0 	 -3.6339 	 3.9062 	 1.4437 	 0.1919 	 0.3384 	 -1.3746
0.0000 	 0.0000 	 0.0000 	 0 	 0 	 -3.6092 	 3.9225 	 1.2843 	 0.1910 	 0.3386 	 -1.3733
0.0000 	 0.0000 	 0.0000 	 0 	 0 	 -3.5827 	 3.9061 	 1.1637 	 0.1912 	 0.3387 	 -1.3725
0.0000 	 0.0000 	 0.0000 	 0 	 0 	 -3.5974 	 3.9066 	 0.5243 	 0.1915 	 0.3391 	 -1.3662
0.0000 	 0.0000 	 0.0000 	 0 	 0 	 -3.6075 	 3.9080 	 0.0042 	 0.1908 	 0.3400 	 -1.3614
0.0000 	 0.0000 	 0.0000 	 0 	 0 	 -3.6128 	 3.9082 	 -0.2355 	 0.1907 	 0.3399 	 -1.3592
0.0000 	 0.0000 	 0.0000 	 0 	 0 	 -3.6113 	 3.9398 	 -0.1579 	 0.1919 	 0.3402 	 -1.3606
0.0000 	 0.0000 	 0.0000 	 0 	 0 	 -3.6597 	 3.9083 	 0.1611 	 0.1911 	 0.3411 	 -1.3640
0.0000 	 0.0000 	 0.0000 	 0 	 0 	 -3.6238 	 3.9223 	 0.5191 	 0.1919 	 0.3419 	 -1.3682
0.0000 	 0.0000 	 0.0000 	 0 	 0 	 -3.6483 	 3.9062 	 0.7202 	 0.1916 	 0.3433 	 -1.3698
0.0000 	 0.0000 	 0.0000 	 0 	 0 	 -3.6455 	 3.9056 	 0.8815 	 0.1918 	 0.3440 	 -1.3713
0.0000 	 0.0000 	 0.0000 	 0 	 0 	 -3.6437 	 3.9054 	 0.8779 	 0.1918 	 0.3439 	 -1.3725
0.0000 	 0.0000 	 0.0000 	 0 	 0 	 -3.6410 	 3.9055 	 0.9979 	 0.1919 	 0.3441 	 -1.3734
0.0000 	 0.0000 	 0.0000 	 0 	 0 	 -3.6554 	 3.9216 	 1.6379 	 0.1914 	 0.3437 	 -1.3790
0.0000 	 0.0000 	 0.0000 	 0 	 0 	 -3.6426 	 3.9199 	 2.2777 	 0.1922 	 0.3427 	 -1.3853
0.0000 	 0.0000 	 0.0000 	 0 	 0 	 -3.6477 	 3.9206 	 2.0384 	 0.1921 	 0.3431 	 -1.3829
0.0000 	 0.0000 	 0.0000 	 0 	 0 	 -3.6270 	 3.9044 	 1.6782 	 0.1919 	 0.3431 	 -1.3795
0.0000 	 0.0000 	 0.0000 	 0 	 0 	 -3.6331 	 3.9369 	 1.3139 	 0.1921 	 0.3429 	 -1.3775
0.0000 	 0.0000 	 0.0000 	 0 	 0 	 -3.6072 	 3.8886 	 1.1948 	 0.1915 	 0.3431 	 -1.3765
0.0000 	 0.0000 	 0.0000 	 0 	 0 	 -3.6084 	 3.9214 	 1.1559 	 0.1910 	 0.3432 	 -1.3755
0.0000 	 0.0000 	 0.0000 	 0 	 0 	 -3.6095 	 3.9214 	 1.0325 	 0.1910 	 0.3432 	 -1.3755
0.0000 	 0.0000 	 0.0000 	 0 	 0 	 -3.6172 	 3.9217 	 0.6733 	 0.1910 	 0.3437 	 -1.3718
0.0000 	 0.0000 	 0.0000 	 0 	 0 	 -3.6254 	 3.8905 	 0.2325 	 0.1907 	 0.3423 	 -1.3681
0.0000 	 0.0000 	 0.0000 	 0 	 0 	 -3.5780 	 3.9223 	 -0.2092 	 0.1911 	 0.3429 	 -1.3647
0.0000 	 0.0000 	 0.0000 	 0 	 0 	 -3.6357 	 3.9226 	 -0.2505 	 0.1915 	 0.3434 	 -1.3646
0.0000 	 0.0000 	 0.0000 	 0 	 0 	 -3.6701 	 3.8893 	 0.6226 	 0.1915 	 0.3442 	 -1.3753
0.0000 	 0.0000 	 0.0000 	 0 	 0 	 -3.6671 	 3.9212 	 0.7409 	 0.1917 	 0.3444 	 -1.3767
0.0000 	 0.0000 	 0.0000 	 0 	 0 	 -3.6915 	 3.9057 	 0.8597 	 0.1910 	 0.3456 	 -1.3783
0.0000 	 0.0000 	 0.0000 	 0 	 0 	 -3.6903 	 3.9050 	 0.9390 	 0.1919 	 0.3457 	 -1.3795
0.0000 	 0.0000 	 0.0000 	 0 	 0 	 -3.7145 	 3.9207 	 1.0974 	 0.1918 	 0.3469 	 -1.3818
0.0000 	 0.0000 	 0.0000 	 0 	 0 	 -3.7012 	 3.9197 	 1.6961 	 0.1921 	 0.3463 	 -1.3878
0.0000 	 0.0000 	 0.0000 	 0 	 0 	 -3.7200 	 3.9351 	 2.2167 	 0.1928 	 0.3462 	 -1.3922
0.0000 	 0.0000 	 0.0000 	 0 	 0 	 -3.7171 	 3.9352 	 2.3367 	 0.1928 	 0.3461 	 -1.3934
0.0000 	 0.0000 	 0.0000 	 0 	 0 	 -3.6926 	 3.9195 	 2.1369 	 0.1922 	 0.3456 	 -1.3914
0.0000 	 0.0000 	 0.0000 	 0 	 0 	 -3.6442 	 3.8875 	 1.6971 	 0.1910 	 0.3451 	 -1.3872
0.0000 	 0.0000 	 0.0000 	 0 	 0 	 -3.6231 	 3.9038 	 1.2941 	 0.1910 	 0.3440 	 -1.3844
0.0000 	 0.0000 	 0.0000 	 0 	 0 	 -3.6287 	 3.9045 	 1.0549 	 0.1910 	 0.3444 	 -1.3822
0.0000 	 0.0000 	 0.0000 	 0 	 0 	 -3.6300 	 3.9044 	 1.0585 	 0.1910 	 0.3444 	 -1.3807
0.0000 	 0.0000 	 0.0000 	 0 	 0 	 -3.6144 	 3.8891 	 0.4590 	 0.1908 	 0.3442 	 -1.3751
0.0000 	 0.0000 	 0.0000 	 0 	 0 	 -3.6249 	 3.9542 	 -0.0228 	 0.1914 	 0.3446 	 -1.3711
0.0000 	 0.0000 	 0.0000 	 0 	 0 	 -3.6304 	 3.9543 	 -0.2626 	 0.1914 	 0.3445 	 -1.3689
0.0000 	 0.0000 	 0.0000 	 0 	 0 	 -3.6549 	 3.9384 	 -0.1439 	 0.1910 	 0.3449 	 -1.3703
0.0000 	 0.0000 	 0.0000 	 0 	 0 	 -3.6732 	 3.9217 	 0.2514 	 0.1919 	 0.3443 	 -1.3758
0.0000 	 0.0000 	 0.0000 	 0 	 0 	 -3.6659 	 3.9209 	 0.5288 	 0.1917 	 0.3452 	 -1.3794
0.0000 	 0.0000 	 0.0000 	 0 	 0 	 -3.6879 	 3.9367 	 0.7652 	 0.1921 	 0.3450 	 -1.3824
0.0000 	 0.0000 	 0.0000 	 0 	 0 	 -3.6853 	 3.9366 	 0.8437 	 0.1921 	 0.3444 	 -1.3836
0.0000 	 0.0000 	 0.0000 	 0 	 0 	 -3.6828 	 3.9048 	 0.8820 	 0.1910 	 0.3438 	 -1.3844
0.0000 	 0.0000 	 0.0000 	 0 	 0 	 -3.6865 	 3.9516 	 1.9552 	 0.1924 	 0.3425 	 -1.3968
0.0000 	 0.0000 	 0.0000 	 0 	 0 	 -3.6810 	 3.9510 	 2.1945 	 0.1925 	 0.3422 	 -1.3989
0.0000 	 0.0000 	 0.0000 	 0 	 0 	 -3.6826 	 3.9512 	 2.1981 	 0.1924 	 0.3422 	 -1.3977
0.0000 	 0.0000 	 0.0000 	 0 	 0 	 -3.6619 	 3.9354 	 1.8383 	 0.1920 	 0.3422 	 -1.3947
0.0000 	 0.0000 	 0.0000 	 0 	 0 	 -3.6393 	 3.8873 	 1.4346 	 0.1919 	 0.3414 	 -1.3921
0.0000 	 0.0000 	 0.0000 	 0 	 0 	 -3.6438 	 3.8884 	 1.1940 	 0.1912 	 0.3403 	 -1.3897
0.0000 	 0.0000 	 0.0000 	 0 	 0 	 -3.6187 	 3.9365 	 1.0743 	 0.1912 	 0.3402 	 -1.3885
0.0000 	 0.0000 	 0.0000 	 0 	 0 	 -3.5916 	 3.9203 	 1.0355 	 0.1913 	 0.3395 	 -1.3877
0.0000 	 0.0000 	 0.0000 	 0 	 0 	 -3.6218 	 3.9365 	 0.9543 	 0.1921 	 0.3391 	 -1.3876
0.0000 	 0.0000 	 0.0000 	 0 	 0 	 -3.6103 	 3.9212 	 0.2802 	 0.1919 	 0.3402 	 -1.3793
0.0000 	 0.0000 	 0.0000 	 0 	 0 	 -3.5913 	 3.9371 	 -0.0783 	 0.1926 	 0.3388 	 -1.3755
0.0000 	 0.0000 	 0.0000 	 0 	 0 	 -3.5896 	 3.9376 	 0.0044 	 0.1910 	 0.3406 	 -1.3752
0.0000 	 0.0000 	 0.0000 	 0 	 0 	 -3.5830 	 3.9367 	 0.2816 	 0.1917 	 0.3400 	 -1.3791
0.0000 	 0.0000 	 0.0000 	 0 	 0 	 -3.5754 	 3.9365 	 0.5993 	 0.1918 	 0.3389 	 -1.3828
0.0000 	 0.0000 	 0.0000 	 0 	 0 	 -3.5726 	 3.9359 	 0.7606 	 0.1918 	 0.3396 	 -1.3840
0.0000 	 0.0000 	 0.0000 	 0 	 0 	 -3.5703 	 3.9039 	 0.7987 	 0.1916 	 0.3380 	 -1.3848
0.0000 	 0.0000 	 0.0000 	 0 	 0 	 -3.5685 	 3.9037 	 0.8366 	 0.1918 	 0.3390 	 -1.3860
0.0000 	 0.0000 	 0.0000 	 0 	 0 	 -3.5922 	 3.9201 	 1.0351 	 0.1917 	 0.3381 	 -1.3877
0.0000 	 0.0000 	 0.0000 	 0 	 0 	 -3.5791 	 3.9186 	 1.6334 	 0.1925 	 0.3370 	 -1.3938
0.0000 	 0.0000 	 0.0000 	 0 	 0 	 -3.5942 	 3.9028 	 2.1524 	 0.1914 	 0.3377 	 -1.3990
0.0000 	 0.0000 	 0.0000 	 0 	 0 	 -3.5948 	 3.9348 	 2.1505 	 0.1920 	 0.3363 	 -1.3997
0.0000 	 0.0000 	 0.0000 	 0 	 0 	 -3.5990 	 3.9359 	 1.9100 	 0.1913 	 0.3355 	 -1.3973
0.0000 	 0.0000 	 0.0000 	 0 	 0 	 -3.5544 	 3.9047 	 1.1856 	 0.1903 	 0.3340 	 -1.3918
0.0000 	 0.0000 	 0.0000 	 0 	 0 	 -3.5573 	 3.9041 	 1.1484 	 0.1910 	 0.3346 	 -1.3909
0.0000 	 0.0000 	 0.0000 	 0 	 0 	 -3.5584 	 3.9373 	 1.0683 	 0.1905 	 0.3340 	 -1.3898
0.0000 	 0.0000 	 0.0000 	 0 	 0 	 -3.5597 	 3.9366 	 0.9860 	 0.1914 	 0.3339 	 -1.3901
0.0000 	 0.0000 	 0.0000 	 0 	 0 	 -3.5430 	 3.9532 	 0.5082 	 0.1914 	 0.3339 	 -1.3846
0.0000 	 0.0000 	 0.0000 	 0 	 0 	 -3.5535 	 3.9864 	 0.0280 	 0.1916 	 0.3341 	 -1.3804
0.0000 	 0.0000 	 0.0000 	 0 	 0 	 -3.5601 	 3.9864 	 -0.2937 	 0.1920 	 0.3339 	 -1.3778
0.0000 	 0.0000 	 0.0000 	 0 	 0 	 -3.5577 	 3.9860 	 -0.1742 	 0.1920 	 0.3338 	 -1.3790
0.0000 	 0.0000 	 0.0000 	 0 	 0 	 -3.5800 	 4.0016 	 0.1035 	 0.1928 	 0.3333 	 -1.3825
0.0000 	 0.0000 	 0.0000 	 0 	 0 	 -3.5706 	 3.9694 	 0.5049 	 0.1920 	 0.3327 	 -1.3854
0.0000 	 0.0000 	 0.0000 	 0 	 0 	 -3.6211 	 3.9377 	 0.6183 	 0.1918 	 0.3333 	 -1.3889
0.0000 	 0.0000 	 0.0000 	 0 	 0 	 -3.6160 	 3.9371 	 0.8580 	 0.1921 	 0.3329 	 -1.3911
0.0000 	 0.0000 	 0.0000 	 0 	 0 	 -3.5844 	 3.9523 	 1.0164 	 0.1929 	 0.3325 	 -1.3931
0.0000 	 0.0000 	 0.0000 	 0 	 0 	 -3.6245 	 3.9523 	 1.6934 	 0.1924 	 0.3327 	 -1.4003
0.0000 	 0.0000 	 0.0000 	 0 	 0 	 -3.6141 	 3.9513 	 2.1724 	 0.1924 	 0.3325 	 -1.4051
0.0000 	 0.0000 	 0.0000 	 0 	 0 	 -3.6130 	 3.9834 	 2.2941 	 0.1927 	 0.3325 	 -1.4058
0.0000 	 0.0000 	 0.0000 	 0 	 0 	 -3.5889 	 3.9676 	 2.0127 	 0.1916 	 0.3328 	 -1.4035
0.0000 	 0.0000 	 0.0000 	 0 	 0 	 -3.5956 	 3.9677 	 1.7325 	 0.1925 	 0.3333 	 -1.4014
0.0000 	 0.0000 	 0.0000 	 0 	 0 	 -3.5736 	 3.9522 	 1.3717 	 0.1916 	 0.3323 	 -1.3979
0.0000 	 0.0000 	 0.0000 	 0 	 0 	 -3.5474 	 3.9681 	 1.2082 	 0.1917 	 0.3312 	 -1.3978
0.0000 	 0.0000 	 0.0000 	 0 	 0 	 -3.5772 	 3.9204 	 1.0887 	 0.1914 	 0.3315 	 -1.3966
0.0000 	 0.0000 	 0.0000 	 0 	 0 	 -3.5496 	 3.9689 	 1.0061 	 0.1907 	 0.3311 	 -1.3966
0.0000 	 0.0000 	 0.0000 	 0 	 0 	 -3.5488 	 3.9538 	 -0.2331 	 0.1914 	 0.3319 	 -1.3850
0.0000 	 0.0000 	 0.0000 	 0 	 0 	 -3.5753 	 3.9695 	 -0.2388 	 0.1922 	 0.3329 	 -1.3867
0.0000 	 0.0000 	 0.0000 	 0 	 0 	 -3.5960 	 4.0182 	 0.0372 	 0.1919 	 0.3328 	 -1.3903
0.0000 	 0.0000 	 0.0000 	 0 	 0 	 -3.5865 	 4.0173 	 0.3513 	 0.1919 	 0.3316 	 -1.3952
0.0000 	 0.0000 	 0.0000 	 0 	 0 	 -3.6087 	 4.0012 	 0.6312 	 0.1919 	 0.3325 	 -1.3980
0.0000 	 0.0000 	 0.0000 	 0 	 0 	 -3.6331 	 3.9850 	 0.7493 	 0.1916 	 0.3329 	 -1.3998
0.0000 	 0.0000 	 0.0000 	 0 	 0 	 -3.6590 	 4.0006 	 0.8258 	 0.1926 	 0.3334 	 -1.4019
0.0000 	 0.0000 	 0.0000 	 0 	 0 	 -3.6839 	 3.9847 	 0.9441 	 0.1923 	 0.3336 	 -1.4035
0.0000 	 0.0000 	 0.0000 	 0 	 0 	 -3.6731 	 4.0161 	 1.4632 	 0.1926 	 0.3341 	 -1.4084
0.0000 	 0.0000 	 0.0000 	 0 	 0 	 -3.6883 	 3.9666 	 1.9794 	 0.1930 	 0.3337 	 -1.4147
0.0000 	 0.0000 	 0.0000 	 0 	 0 	 -3.6806 	 3.9670 	 2.2145 	 0.1926 	 0.3324 	 -1.4181
0.0000 	 0.0000 	 0.0000 	 0 	 0 	 -3.6369 	 3.9678 	 1.4929 	 0.1912 	 0.3323 	 -1.4124
0.0000 	 0.0000 	 0.0000 	 0 	 0 	 -3.6123 	 3.9846 	 1.2920 	 0.1906 	 0.3318 	 -1.4105
0.0000 	 0.0000 	 0.0000 	 0 	 0 	 -3.6422 	 3.9686 	 1.2124 	 0.1902 	 0.3328 	 -1.4097
0.0000 	 0.0000 	 0.0000 	 0 	 0 	 -3.6157 	 3.9522 	 1.0918 	 0.1903 	 0.3327 	 -1.4089
0.0000 	 0.0000 	 0.0000 	 0 	 0 	 -3.6458 	 3.9686 	 1.0108 	 0.1902 	 0.3336 	 -1.4085
0.0000 	 0.0000 	 0.0000 	 0 	 0 	 -3.6275 	 3.9849 	 0.5704 	 0.1911 	 0.3330 	 -1.4047
0.0000 	 0.0000 	 0.0000 	 0 	 0 	 -3.6380 	 3.9852 	 0.1333 	 0.1911 	 0.3340 	 -1.3999
0.0000 	 0.0000 	 0.0000 	 0 	 0 	 -3.6733 	 3.9703 	 -0.2273 	 0.1907 	 0.3346 	 -1.3964
0.0000 	 0.0000 	 0.0000 	 0 	 0 	 -3.6446 	 3.9853 	 -0.1885 	 0.1915 	 0.3337 	 -1.3975
0.0000 	 0.0000 	 0.0000 	 0 	 0 	 -3.6652 	 3.9690 	 0.0875 	 0.1917 	 0.3345 	 -1.4013
0.0000 	 0.0000 	 0.0000 	 0 	 0 	 -3.6828 	 3.9847 	 0.5677 	 0.1912 	 0.3359 	 -1.4057
0.0000 	 0.0000 	 0.0000 	 0 	 0 	 -3.6737 	 3.9520 	 0.8830 	 0.1908 	 0.3348 	 -1.4104
0.0000 	 0.0000 	 0.0000 	 0 	 0 	 -3.6444 	 3.9355 	 0.9237 	 0.1909 	 0.3353 	 -1.4105
0.0000 	 0.0000 	 0.0000 	 0 	 0 	 -3.6689 	 3.9512 	 1.0822 	 0.1908 	 0.3365 	 -1.4125
0.0000 	 0.0000 	 0.0000 	 0 	 0 	 -3.6545 	 3.9820 	 1.7172 	 0.1918 	 0.3355 	 -1.4202
0.0000 	 0.0000 	 0.0000 	 0 	 0 	 -3.7015 	 4.0146 	 2.1563 	 0.1921 	 0.3352 	 -1.4244
0.0000 	 0.0000 	 0.0000 	 0 	 0 	 -3.6703 	 3.9656 	 2.2766 	 0.1917 	 0.3349 	 -1.4257
0.0000 	 0.0000 	 0.0000 	 0 	 0 	 -3.7014 	 3.9827 	 2.0751 	 0.1914 	 0.3346 	 -1.4238
0.0000 	 0.0000 	 0.0000 	 0 	 0 	 -3.6809 	 3.9672 	 1.6733 	 0.1910 	 0.3338 	 -1.4209
0.0000 	 0.0000 	 0.0000 	 0 	 0 	 -3.6567 	 3.9833 	 1.3907 	 0.1906 	 0.3343 	 -1.4190
0.0000 	 0.0000 	 0.0000 	 0 	 0 	 -3.6324 	 3.9675 	 1.2323 	 0.1902 	 0.3332 	 -1.4173
0.0000 	 0.0000 	 0.0000 	 0 	 0 	 -3.6626 	 3.9835 	 1.1505 	 0.1910 	 0.3330 	 -1.4166
0.0000 	 0.0000 	 0.0000 	 0 	 0 	 -3.6507 	 4.0005 	 0.3065 	 0.1910 	 0.3332 	 -1.4102
0.0000 	 0.0000 	 0.0000 	 0 	 0 	 -3.6311 	 4.0164 	 -0.0095 	 0.1911 	 0.3341 	 -1.4062
0.0000 	 0.0000 	 0.0000 	 0 	 0 	 -3.6369 	 4.0169 	 -0.2495 	 0.1920 	 0.3331 	 -1.4038
0.0000 	 0.0000 	 0.0000 	 0 	 0 	 -3.6623 	 3.9683 	 -0.2115 	 0.1917 	 0.3341 	 -1.4052
0.0000 	 0.0000 	 0.0000 	 0 	 0 	 -3.6270 	 3.9835 	 0.1488 	 0.1915 	 0.3335 	 -1.4082
0.0000 	 0.0000 	 0.0000 	 0 	 0 	 -3.6479 	 3.9997 	 0.5091 	 0.1920 	 0.3335 	 -1.4117
0.0000 	 0.0000 	 0.0000 	 0 	 0 	 -3.6423 	 3.9997 	 0.7075 	 0.1911 	 0.3338 	 -1.4138
0.0000 	 0.0000 	 0.0000 	 0 	 0 	 -3.6699 	 3.9836 	 0.7472 	 0.1919 	 0.3338 	 -1.4145
0.0000 	 0.0000 	 0.0000 	 0 	 0 	 -3.6402 	 3.9991 	 0.8683 	 0.1918 	 0.3336 	 -1.4153
0.0000 	 0.0000 	 0.0000 	 0 	 0 	 -3.6373 	 3.9672 	 0.9484 	 0.1911 	 0.3337 	 -1.4158
0.0000 	 0.0000 	 0.0000 	 0 	 0 	 -3.6232 	 3.9979 	 1.7099 	 0.1921 	 0.3330 	 -1.4223
0.0000 	 0.0000 	 0.0000 	 0 	 0 	 -3.6096 	 3.9651 	 2.2277 	 0.1910 	 0.3326 	 -1.4279
0.0000 	 0.0000 	 0.0000 	 0 	 0 	 -3.5875 	 3.9815 	 1.9896 	 0.1914 	 0.3323 	 -1.4251
0.0000 	 0.0000 	 0.0000 	 0 	 0 	 -3.5670 	 3.9657 	 1.5877 	 0.1912 	 0.3315 	 -1.4222
0.0000 	 0.0000 	 0.0000 	 0 	 0 	 -3.5722 	 3.9660 	 1.3067 	 0.1911 	 0.3311 	 -1.4195
0.0000 	 0.0000 	 0.0000 	 0 	 0 	 -3.5749 	 3.9984 	 1.2271 	 0.1913 	 0.3319 	 -1.4187
0.0000 	 0.0000 	 0.0000 	 0 	 0 	 -3.5770 	 3.9988 	 1.0663 	 0.1907 	 0.3323 	 -1.4177
0.0000 	 0.0000 	 0.0000 	 0 	 0 	 -3.5514 	 3.9821 	 0.9864 	 0.1919 	 0.3304 	 -1.4170
0.0000 	 0.0000 	 0.0000 	 0 	 0 	 -3.5320 	 3.9984 	 0.6285 	 0.1919 	 0.3306 	 -1.4130
0.0000 	 0.0000 	 0.0000 	 0 	 0 	 -3.5439 	 3.9988 	 0.0680 	 0.1916 	 0.3316 	 -1.4079
0.0000 	 0.0000 	 0.0000 	 0 	 0 	 -3.5521 	 3.9990 	 -0.2502 	 0.1925 	 0.3311 	 -1.4045
0.0000 	 0.0000 	 0.0000 	 0 	 0 	 -3.5508 	 3.9987 	 -0.2129 	 0.1931 	 0.3307 	 -1.4057
0.0000 	 0.0000 	 0.0000 	 0 	 0 	 -3.5906 	 4.0300 	 0.5450 	 0.1935 	 0.3318 	 -1.4131
0.0000 	 0.0000 	 0.0000 	 0 	 0 	 -3.5882 	 3.9975 	 0.7080 	 0.1930 	 0.3322 	 -1.4141
0.0000 	 0.0000 	 0.0000 	 0 	 0 	 -3.6142 	 4.0139 	 0.8283 	 0.1934 	 0.3326 	 -1.4149
0.0000 	 0.0000 	 0.0000 	 0 	 0 	 -3.6419 	 4.0297 	 0.9081 	 0.1942 	 0.3329 	 -1.4157
0.0000 	 0.0000 	 0.0000 	 0 	 0 	 -3.6133 	 4.0130 	 0.9483 	 0.1945 	 0.3326 	 -1.4159
0.0000 	 0.0000 	 0.0000 	 0 	 0 	 -3.6259 	 3.9966 	 1.5867 	 0.1939 	 0.3321 	 -1.4223
0.0000 	 0.0000 	 0.0000 	 0 	 0 	 -3.5881 	 4.0118 	 2.0668 	 0.1943 	 0.3315 	 -1.4270
0.0000 	 0.0000 	 0.0000 	 0 	 0 	 -3.5557 	 3.9952 	 2.2678 	 0.1942 	 0.3304 	 -1.4284
0.0000 	 0.0000 	 0.0000 	 0 	 0 	 -3.5869 	 3.9807 	 2.0263 	 0.1927 	 0.3307 	 -1.4264
0.0000 	 0.0000 	 0.0000 	 0 	 0 	 -3.5385 	 3.9801 	 1.7095 	 0.1926 	 0.3312 	 -1.4227
0.0000 	 0.0000 	 0.0000 	 0 	 0 	 -3.5162 	 3.9968 	 1.3887 	 0.1917 	 0.3310 	 -1.4199
0.0000 	 0.0000 	 0.0000 	 0 	 0 	 -3.5240 	 3.9652 	 1.0307 	 0.1915 	 0.3310 	 -1.4159
0.0000 	 0.0000 	 0.0000 	 0 	 0 	 -3.5329 	 3.9983 	 0.7555 	 0.1919 	 0.3306 	 -1.4115
0.0000 	 0.0000 	 0.0000 	 0 	 0 	 -3.5446 	 3.9988 	 0.1945 	 0.1922 	 0.3302 	 -1.4067
0.0000 	 0.0000 	 0.0000 	 0 	 0 	 -3.5255 	 3.9830 	 -0.1619 	 0.1921 	 0.3302 	 -1.4025
0.0000 	 0.0000 	 0.0000 	 0 	 0 	 -3.5267 	 4.0150 	 -0.2456 	 0.1932 	 0.3301 	 -1.4029
0.0000 	 0.0000 	 0.0000 	 0 	 0 	 -3.5196 	 3.9823 	 -0.0083 	 0.1928 	 0.3297 	 -1.4059
0.0000 	 0.0000 	 0.0000 	 0 	 0 	 -3.5418 	 3.9977 	 0.3110 	 0.1936 	 0.3301 	 -1.4094
0.0000 	 0.0000 	 0.0000 	 0 	 0 	 -3.5369 	 4.0291 	 0.5899 	 0.1945 	 0.3296 	 -1.4122
0.0000 	 0.0000 	 0.0000 	 0 	 0 	 -3.5630 	 4.0133 	 0.7121 	 0.1947 	 0.3300 	 -1.4123
0.0000 	 0.0000 	 0.0000 	 0 	 0 	 -3.5593 	 4.0458 	 0.8712 	 0.1940 	 0.3296 	 -1.4142
0.0000 	 0.0000 	 0.0000 	 0 	 0 	 -3.5593 	 4.0458 	 0.8712 	 0.1940 	 0.3296 	 -1.4142
0.0000 	 0.0000 	 0.0000 	 0 	 0 	 -3.5574 	 3.9959 	 2.1466 	 0.1939 	 0.3284 	 -1.4275
0.0000 	 0.0000 	 0.0000 	 0 	 0 	 -3.5275 	 3.9796 	 2.1865 	 0.1931 	 0.3276 	 -1.4276
0.0000 	 0.0000 	 0.0000 	 0 	 0 	 -3.5335 	 3.9798 	 1.8655 	 0.1931 	 0.3287 	 -1.4255
0.0000 	 0.0000 	 0.0000 	 0 	 0 	 -3.5408 	 3.9806 	 1.5878 	 0.1930 	 0.3279 	 -1.4218
0.0000 	 0.0000 	 0.0000 	 0 	 0 	 -3.5459 	 3.9818 	 1.2657 	 0.1923 	 0.3276 	 -1.4192
0.0000 	 0.0000 	 0.0000 	 0 	 0 	 -3.5500 	 4.0139 	 1.1897 	 0.1925 	 0.3284 	 -1.4171
0.0000 	 0.0000 	 0.0000 	 0 	 0 	 -3.5513 	 3.9819 	 1.0265 	 0.1923 	 0.3280 	 -1.4170
0.0000 	 0.0000 	 0.0000 	 0 	 0 	 -3.5249 	 3.9974 	 0.9871 	 0.1930 	 0.3279 	 -1.4164
0.0000 	 0.0000 	 0.0000 	 0 	 0 	 -3.5343 	 3.9985 	 0.5486 	 0.1923 	 0.3280 	 -1.4115
0.0000 	 0.0000 	 0.0000 	 0 	 0 	 -3.5190 	 4.0148 	 0.0303 	 0.1932 	 0.3281 	 -1.4066
0.0000 	 0.0000 	 0.0000 	 0 	 0 	 -3.4983 	 3.9658 	 -0.2457 	 0.1933 	 0.3288 	 -1.4030
0.0000 	 0.0000 	 0.0000 	 0 	 0 	 -3.4881 	 3.9651 	 0.2328 	 0.1943 	 0.3271 	 -1.4078
0.0000 	 0.0000 	 0.0000 	 0 	 0 	 -3.5112 	 4.0133 	 0.5135 	 0.1944 	 0.3282 	 -1.4099
0.0000 	 0.0000 	 0.0000 	 0 	 0 	 -3.5077 	 3.9811 	 0.7165 	 0.1944 	 0.3271 	 -1.4107
0.0000 	 0.0000 	 0.0000 	 0 	 0 	 -3.5052 	 3.9810 	 0.7944 	 0.1945 	 0.3263 	 -1.4122
0.0000 	 0.0000 	 0.0000 	 0 	 0 	 -3.5040 	 4.0129 	 0.9166 	 0.1947 	 0.3263 	 -1.4124
0.0000 	 0.0000 	 0.0000 	 0 	 0 	 -3.5027 	 3.9804 	 0.9557 	 0.1945 	 0.3270 	 -1.4134
0.0000 	 0.0000 	 0.0000 	 0 	 0 	 -3.5164 	 3.9958 	 1.5519 	 0.1947 	 0.3272 	 -1.4200
0.0000 	 0.0000 	 0.0000 	 0 	 0 	 -3.5331 	 3.9796 	 1.9881 	 0.1940 	 0.3273 	 -1.4255
0.0000 	 0.0000 	 0.0000 	 0 	 0 	 -3.4985 	 3.9632 	 2.1444 	 0.1932 	 0.3269 	 -1.4283
0.0000 	 0.0000 	 0.0000 	 0 	 0 	 -3.5014 	 3.9636 	 2.0247 	 0.1932 	 0.3270 	 -1.4268
0.0000 	 0.0000 	 0.0000 	 0 	 0 	 -3.5364 	 3.9804 	 1.6627 	 0.1930 	 0.3270 	 -1.4240
0.0000 	 0.0000 	 0.0000 	 0 	 0 	 -3.4909 	 3.9809 	 1.1014 	 0.1922 	 0.3267 	 -1.4192
0.0000 	 0.0000 	 0.0000 	 0 	 0 	 -3.4937 	 3.9808 	 1.0643 	 0.1932 	 0.3272 	 -1.4183
0.0000 	 0.0000 	 0.0000 	 0 	 0 	 -3.4950 	 3.9802 	 0.9823 	 0.1936 	 0.3266 	 -1.4183
0.0000 	 0.0000 	 0.0000 	 0 	 0 	 -3.5044 	 3.9818 	 0.5438 	 0.1928 	 0.3264 	 -1.4134
0.0000 	 0.0000 	 0.0000 	 0 	 0 	 -3.5162 	 3.9820 	 0.0241 	 0.1937 	 0.3272 	 -1.4086
0.0000 	 0.0000 	 0.0000 	 0 	 0 	 -3.4951 	 3.9658 	 -0.3357 	 0.1933 	 0.3272 	 -1.4052
0.0000 	 0.0000 	 0.0000 	 0 	 0 	 -3.4652 	 3.9818 	 -0.2561 	 0.1934 	 0.3262 	 -1.4063
0.0000 	 0.0000 	 0.0000 	 0 	 0 	 -3.4876 	 3.9970 	 0.0632 	 0.1945 	 0.3266 	 -1.4092
0.0000 	 0.0000 	 0.0000 	 0 	 0 	 -3.5081 	 4.0132 	 0.4237 	 0.1940 	 0.3276 	 -1.4126
0.0000 	 0.0000 	 0.0000 	 0 	 0 	 -3.5302 	 3.9969 	 0.7026 	 0.1943 	 0.3275 	 -1.4155
0.0000 	 0.0000 	 0.0000 	 0 	 0 	 -3.5550 	 4.0144 	 0.7815 	 0.1934 	 0.3266 	 -1.4162
0.0000 	 0.0000 	 0.0000 	 0 	 0 	 -3.5752 	 3.9977 	 1.0988 	 0.1931 	 0.3285 	 -1.4200
0.0000 	 0.0000 	 0.0000 	 0 	 0 	 -3.5620 	 3.9972 	 1.6149 	 0.1925 	 0.3276 	 -1.4263
0.0000 	 0.0000 	 0.0000 	 0 	 0 	 -3.5241 	 3.9800 	 2.0967 	 0.1927 	 0.3274 	 -1.4303
0.0000 	 0.0000 	 0.0000 	 0 	 0 	 -3.5497 	 3.9957 	 2.1731 	 0.1935 	 0.3280 	 -1.4323
0.0000 	 0.0000 	 0.0000 	 0 	 0 	 -3.5252 	 3.9800 	 1.9733 	 0.1927 	 0.3275 	 -1.4303
0.0000 	 0.0000 	 0.0000 	 0 	 0 	 -3.5623 	 3.9966 	 1.6563 	 0.1934 	 0.3275 	 -1.4263
0.0000 	 0.0000 	 0.0000 	 0 	 0 	 -3.5401 	 4.0135 	 1.3353 	 0.1925 	 0.3270 	 -1.4232
0.0000 	 0.0000 	 0.0000 	 0 	 0 	 -3.4870 	 3.9810 	 1.0949 	 0.1918 	 0.3276 	 -1.4219
0.0000 	 0.0000 	 0.0000 	 0 	 0 	 -3.4889 	 4.0135 	 1.0553 	 0.1918 	 0.3268 	 -1.4211
0.0000 	 0.0000 	 0.0000 	 0 	 0 	 -3.5160 	 3.9978 	 1.0128 	 0.1910 	 0.3277 	 -1.4212
0.0000 	 0.0000 	 0.0000 	 0 	 0 	 -3.4939 	 3.9823 	 0.7349 	 0.1911 	 0.3266 	 -1.4183
0.0000 	 0.0000 	 0.0000 	 0 	 0 	 -3.4894 	 3.9671 	 -0.3028 	 0.1913 	 0.3268 	 -1.4078
0.0000 	 0.0000 	 0.0000 	 0 	 0 	 -3.5157 	 3.9829 	 -0.1409 	 0.1921 	 0.3263 	 -1.4086
0.0000 	 0.0000 	 0.0000 	 0 	 0 	 -3.4789 	 3.9979 	 0.2574 	 0.1922 	 0.3266 	 -1.4128
0.0000 	 0.0000 	 0.0000 	 0 	 0 	 -3.5298 	 3.9981 	 0.4966 	 0.1923 	 0.3272 	 -1.4155
0.0000 	 0.0000 	 0.0000 	 0 	 0 	 -3.5536 	 3.9826 	 0.6967 	 0.1922 	 0.3263 	 -1.4171
0.0000 	 0.0000 	 0.0000 	 0 	 0 	 -3.5508 	 4.0145 	 0.8151 	 0.1927 	 0.3265 	 -1.4184
0.0000 	 0.0000 	 0.0000 	 0 	 0 	 -3.5765 	 4.0310 	 0.8943 	 0.1922 	 0.3270 	 -1.4192
0.0000 	 0.0000 	 0.0000 	 0 	 0 	 -3.5754 	 4.0303 	 0.9735 	 0.1929 	 0.3271 	 -1.4207
0.0000 	 0.0000 	 0.0000 	 0 	 0 	 -3.5605 	 3.9972 	 1.5698 	 0.1925 	 0.3268 	 -1.4275
0.0000 	 0.0000 	 0.0000 	 0 	 0 	 -3.5497 	 3.9964 	 2.0490 	 0.1926 	 0.3266 	 -1.4324
0.0000 	 0.0000 	 0.0000 	 0 	 0 	 -3.5470 	 3.9963 	 2.1274 	 0.1921 	 0.3272 	 -1.4333
0.0000 	 0.0000 	 0.0000 	 0 	 0 	 -3.5053 	 3.9977 	 1.4090 	 0.1913 	 0.3260 	 -1.4261
0.0000 	 0.0000 	 0.0000 	 0 	 0 	 -3.5098 	 3.9978 	 1.2926 	 0.1911 	 0.3258 	 -1.4239
0.0000 	 0.0000 	 0.0000 	 0 	 0 	 -3.5139 	 3.9655 	 1.0923 	 0.1915 	 0.3255 	 -1.4221
0.0000 	 0.0000 	 0.0000 	 0 	 0 	 -3.5152 	 3.9660 	 1.0546 	 0.1911 	 0.3262 	 -1.4211
0.0000 	 0.0000 	 0.0000 	 0 	 0 	 -3.4616 	 3.9975 	 0.9753 	 0.1919 	 0.3254 	 -1.4203
0.0000 	 0.0000 	 0.0000 	 0 	 0 	 -3.4764 	 3.9668 	 0.2988 	 0.1909 	 0.3251 	 -1.4127
0.0000 	 0.0000 	 0.0000 	 0 	 0 	 -3.4845 	 3.9675 	 -0.0189 	 0.1909 	 0.3260 	 -1.4088
0.0000 	 0.0000 	 0.0000 	 0 	 0 	 -3.4898 	 3.9676 	 -0.2581 	 0.1909 	 0.3261 	 -1.4064
0.0000 	 0.0000 	 0.0000 	 0 	 0 	 -3.4596 	 3.9837 	 -0.2199 	 0.1900 	 0.3255 	 -1.4072
0.0000 	 0.0000 	 0.0000 	 0 	 0 	 -3.4791 	 3.9669 	 0.2623 	 0.1909 	 0.3269 	 -1.4114
0.0000 	 0.0000 	 0.0000 	 0 	 0 	 -3.4738 	 3.9662 	 0.5016 	 0.1907 	 0.3266 	 -1.4136
0.0000 	 0.0000 	 0.0000 	 0 	 0 	 -3.4958 	 4.0135 	 0.8605 	 0.1927 	 0.3266 	 -1.4172
0.0000 	 0.0000 	 0.0000 	 0 	 0 	 -3.4945 	 4.0135 	 0.8569 	 0.1927 	 0.3266 	 -1.4184
0.0000 	 0.0000 	 0.0000 	 0 	 0 	 -3.5138 	 3.9652 	 1.1746 	 0.1924 	 0.3259 	 -1.4221
0.0000 	 0.0000 	 0.0000 	 0 	 0 	 -3.4741 	 3.9798 	 1.6932 	 0.1923 	 0.3264 	 -1.4277
0.0000 	 0.0000 	 0.0000 	 0 	 0 	 -3.4925 	 3.9961 	 2.0901 	 0.1921 	 0.3258 	 -1.4324
0.0000 	 0.0000 	 0.0000 	 0 	 0 	 -3.5198 	 3.9801 	 2.0889 	 0.1918 	 0.3260 	 -1.4325
0.0000 	 0.0000 	 0.0000 	 0 	 0 	 -3.4743 	 4.0117 	 1.6915 	 0.1926 	 0.3264 	 -1.4281
0.0000 	 0.0000 	 0.0000 	 0 	 0 	 -3.4794 	 4.0125 	 1.4107 	 0.1925 	 0.3255 	 -1.4260
0.0000 	 0.0000 	 0.0000 	 0 	 0 	 -3.4848 	 4.0125 	 1.2543 	 0.1925 	 0.3271 	 -1.4233
0.0000 	 0.0000 	 0.0000 	 0 	 0 	 -3.4602 	 4.0287 	 1.0942 	 0.1926 	 0.3265 	 -1.4219
0.0000 	 0.0000 	 0.0000 	 0 	 0 	 -3.4601 	 3.9968 	 1.0132 	 0.1919 	 0.3261 	 -1.4213
0.0000 	 0.0000 	 0.0000 	 0 	 0 	 -3.4502 	 3.9824 	 0.2186 	 0.1908 	 0.3259 	 -1.4120
0.0000 	 0.0000 	 0.0000 	 0 	 0 	 -3.4580 	 3.9511 	 -0.1395 	 0.1905 	 0.3261 	 -1.4080
0.0000 	 0.0000 	 0.0000 	 0 	 0 	 -3.4619 	 3.9505 	 -0.3000 	 0.1914 	 0.3263 	 -1.4070
0.0000 	 0.0000 	 0.0000 	 0 	 0 	 -3.4571 	 3.9830 	 -0.0175 	 0.1907 	 0.3258 	 -1.4086
0.0000 	 0.0000 	 0.0000 	 0 	 0 	 -3.4787 	 3.9988 	 0.2607 	 0.1911 	 0.3266 	 -1.4116
0.0000 	 0.0000 	 0.0000 	 0 	 0 	 -3.5009 	 3.9825 	 0.5405 	 0.1911 	 0.3277 	 -1.4144
0.0000 	 0.0000 	 0.0000 	 0 	 0 	 -3.5271 	 4.0306 	 0.7005 	 0.1921 	 0.3275 	 -1.4156
0.0000 	 0.0000 	 0.0000 	 0 	 0 	 -3.5245 	 3.9983 	 0.8219 	 0.1919 	 0.3274 	 -1.4164
0.0000 	 0.0000 	 0.0000 	 0 	 0 	 -3.5507 	 4.0153 	 0.9011 	 0.1914 	 0.3280 	 -1.4171
0.0000 	 0.0000 	 0.0000 	 0 	 0 	 -3.5450 	 4.0468 	 1.1807 	 0.1917 	 0.3283 	 -1.4200
0.0000 	 0.0000 	 0.0000 	 0 	 0 	 -3.5321 	 4.0136 	 1.7393 	 0.1912 	 0.3273 	 -1.4256
0.0000 	 0.0000 	 0.0000 	 0 	 0 	 -3.5255 	 4.0138 	 2.0611 	 0.1909 	 0.3276 	 -1.4282
0.0000 	 0.0000 	 0.0000 	 0 	 0 	 -3.5047 	 3.9978 	 1.6595 	 0.1904 	 0.3268 	 -1.4248
0.0000 	 0.0000 	 0.0000 	 0 	 0 	 -3.4833 	 4.0140 	 1.3398 	 0.1905 	 0.3277 	 -1.4220
0.0000 	 0.0000 	 0.0000 	 0 	 0 	 -3.4579 	 3.9983 	 1.2221 	 0.1897 	 0.3265 	 -1.4200
0.0000 	 0.0000 	 0.0000 	 0 	 0 	 -3.4604 	 3.9983 	 1.1436 	 0.1899 	 0.3273 	 -1.4190
0.0000 	 0.0000 	 0.0000 	 0 	 0 	 -3.4635 	 3.9983 	 1.0237 	 0.1906 	 0.3262 	 -1.4178
0.0000 	 0.0000 	 0.0000 	 0 	 0 	 -3.4633 	 3.9666 	 0.9841 	 0.1894 	 0.3263 	 -1.4172
0.0000 	 0.0000 	 0.0000 	 0 	 0 	 -3.4809 	 3.9681 	 0.2274 	 0.1896 	 0.3262 	 -1.4087
0.0000 	 0.0000 	 0.0000 	 0 	 0 	 -3.5159 	 3.9854 	 -0.1346 	 0.1897 	 0.3263 	 -1.4059
0.0000 	 0.0000 	 0.0000 	 0 	 0 	 -3.5203 	 3.9847 	 -0.2537 	 0.1907 	 0.3263 	 -1.4050
0.0000 	 0.0000 	 0.0000 	 0 	 0 	 -3.4860 	 3.9996 	 -0.0165 	 0.1911 	 0.3260 	 -1.4079
0.0000 	 0.0000 	 0.0000 	 0 	 0 	 -3.5291 	 4.0312 	 0.6626 	 0.1921 	 0.3267 	 -1.4144
0.0000 	 0.0000 	 0.0000 	 0 	 0 	 -3.5535 	 4.0153 	 0.7812 	 0.1918 	 0.3266 	 -1.4162
0.0000 	 0.0000 	 0.0000 	 0 	 0 	 -3.5537 	 4.0151 	 0.8227 	 0.1918 	 0.3274 	 -1.4162
0.0000 	 0.0000 	 0.0000 	 0 	 0 	 -3.5523 	 3.9820 	 0.9031 	 0.1923 	 0.3280 	 -1.4170
0.0000 	 0.0000 	 0.0000 	 0 	 0 	 -3.5390 	 3.9809 	 1.5018 	 0.1923 	 0.3277 	 -1.4228
0.0000 	 0.0000 	 0.0000 	 0 	 0 	 -3.5833 	 3.9816 	 2.0625 	 0.1918 	 0.3283 	 -1.4278
0.0000 	 0.0000 	 0.0000 	 0 	 0 	 -3.5518 	 3.9646 	 2.1812 	 0.1919 	 0.3280 	 -1.4292
0.0000 	 0.0000 	 0.0000 	 0 	 0 	 -3.5560 	 3.9974 	 2.0636 	 0.1921 	 0.3278 	 -1.4272
0.0000 	 0.0000 	 0.0000 	 0 	 0 	 -3.5360 	 4.0141 	 1.6650 	 0.1912 	 0.3281 	 -1.4234
0.0000 	 0.0000 	 0.0000 	 0 	 0 	 -3.4870 	 3.9822 	 1.3067 	 0.1903 	 0.3268 	 -1.4192
0.0000 	 0.0000 	 0.0000 	 0 	 0 	 -3.4895 	 3.9502 	 1.1884 	 0.1900 	 0.3269 	 -1.4178
0.0000 	 0.0000 	 0.0000 	 0 	 0 	 -3.4631 	 3.9353 	 1.0303 	 0.1881 	 0.3271 	 -1.4158
0.0000 	 0.0000 	 0.0000 	 0 	 0 	 -3.4762 	 3.9369 	 0.3487 	 0.1874 	 0.3273 	 -1.4095
0.0000 	 0.0000 	 0.0000 	 0 	 0 	 -3.4857 	 3.9698 	 -0.0083 	 0.1875 	 0.3274 	 -1.4053
0.0000 	 0.0000 	 0.0000 	 0 	 0 	 -3.5200 	 3.9549 	 -0.2453 	 0.1871 	 0.3278 	 -1.4018
0.0000 	 0.0000 	 0.0000 	 0 	 0 	 -3.4913 	 3.9699 	 -0.2067 	 0.1879 	 0.3269 	 -1.4029
0.0000 	 0.0000 	 0.0000 	 0 	 0 	 -3.4837 	 3.9694 	 0.1112 	 0.1880 	 0.3262 	 -1.4065
0.0000 	 0.0000 	 0.0000 	 0 	 0 	 -3.5043 	 3.9538 	 0.3901 	 0.1872 	 0.3259 	 -1.4093
0.0000 	 0.0000 	 0.0000 	 0 	 0 	 -3.5004 	 3.9850 	 0.5874 	 0.1881 	 0.3262 	 -1.4121
0.0000 	 0.0000 	 0.0000 	 0 	 0 	 -3.5251 	 3.9689 	 0.7466 	 0.1887 	 0.3260 	 -1.4138
0.0000 	 0.0000 	 0.0000 	 0 	 0 	 -3.5239 	 4.0015 	 0.8274 	 0.1886 	 0.3260 	 -1.4139
0.0000 	 0.0000 	 0.0000 	 0 	 0 	 -3.5512 	 3.9852 	 0.9087 	 0.1889 	 0.3266 	 -1.4143
0.0000 	 0.0000 	 0.0000 	 0 	 0 	 -3.5265 	 3.9841 	 1.9856 	 0.1886 	 0.3252 	 -1.4251
0.0000 	 0.0000 	 0.0000 	 0 	 0 	 -3.5225 	 4.0159 	 2.1860 	 0.1889 	 0.3243 	 -1.4270
0.0000 	 0.0000 	 0.0000 	 0 	 0 	 -3.5261 	 4.0160 	 1.9844 	 0.1888 	 0.3252 	 -1.4255
0.0000 	 0.0000 	 0.0000 	 0 	 0 	 -3.5067 	 4.0003 	 1.6692 	 0.1884 	 0.3259 	 -1.4214
0.0000 	 0.0000 	 0.0000 	 0 	 0 	 -3.4847 	 4.0167 	 1.3488 	 0.1880 	 0.3255 	 -1.4186
0.0000 	 0.0000 	 0.0000 	 0 	 0 	 -3.4613 	 4.0321 	 1.1894 	 0.1888 	 0.3257 	 -1.4170
0.0000 	 0.0000 	 0.0000 	 0 	 0 	 -3.4638 	 4.0003 	 1.0298 	 0.1885 	 0.3248 	 -1.4151
0.0000 	 0.0000 	 0.0000 	 0 	 0 	 -3.4929 	 3.9856 	 0.9495 	 0.1878 	 0.3249 	 -1.4143
0.0000 	 0.0000 	 0.0000 	 0 	 0 	 -3.4653 	 4.0017 	 0.9098 	 0.1869 	 0.3248 	 -1.4139
0.0000 	 0.0000 	 0.0000 	 0 	 0 	 -3.5101 	 3.9872 	 0.2348 	 0.1870 	 0.3261 	 -1.4061
0.0000 	 0.0000 	 0.0000 	 0 	 0 	 -3.5480 	 3.9720 	 -0.2453 	 0.1866 	 0.3265 	 -1.4016
0.0000 	 0.0000 	 0.0000 	 0 	 0 	 -3.5142 	 4.0185 	 0.0725 	 0.1885 	 0.3257 	 -1.4053
0.0000 	 0.0000 	 0.0000 	 0 	 0 	 -3.5362 	 4.0022 	 0.3521 	 0.1882 	 0.3265 	 -1.4081
0.0000 	 0.0000 	 0.0000 	 0 	 0 	 -3.5597 	 4.0186 	 0.5926 	 0.1884 	 0.3263 	 -1.4101
0.0000 	 0.0000 	 0.0000 	 0 	 0 	 -3.5279 	 4.0340 	 0.7101 	 0.1885 	 0.3261 	 -1.4121
0.0000 	 0.0000 	 0.0000 	 0 	 0 	 -3.5257 	 4.0016 	 0.7895 	 0.1886 	 0.3253 	 -1.4129
0.0000 	 0.0000 	 0.0000 	 0 	 0 	 -3.5516 	 4.0183 	 0.8692 	 0.1880 	 0.3258 	 -1.4137
0.0000 	 0.0000 	 0.0000 	 0 	 0 	 -3.5684 	 4.0014 	 1.3879 	 0.1884 	 0.3257 	 -1.4187
0.0000 	 0.0000 	 0.0000 	 0 	 0 	 -3.5578 	 4.0329 	 1.8239 	 0.1887 	 0.3247 	 -1.4242
0.0000 	 0.0000 	 0.0000 	 0 	 0 	 -3.5496 	 4.0008 	 2.1432 	 0.1881 	 0.3249 	 -1.4271
0.0000 	 0.0000 	 0.0000 	 0 	 0 	 -3.5223 	 4.0489 	 2.1019 	 0.1882 	 0.3239 	 -1.4272
0.0000 	 0.0000 	 0.0000 	 0 	 0 	 -3.5031 	 4.0333 	 1.7037 	 0.1880 	 0.3232 	 -1.4227
0.0000 	 0.0000 	 0.0000 	 0 	 0 	 -3.4295 	 4.0488 	 1.1000 	 0.1879 	 0.3228 	 -1.4190
0.0000 	 0.0000 	 0.0000 	 0 	 0 	 -3.4040 	 4.0325 	 1.0649 	 0.1881 	 0.3216 	 -1.4170
0.0000 	 0.0000 	 0.0000 	 0 	 0 	 -3.4342 	 4.0488 	 0.9834 	 0.1889 	 0.3215 	 -1.4164
0.0000 	 0.0000 	 0.0000 	 0 	 0 	 -3.4385 	 4.0177 	 0.7446 	 0.1877 	 0.3205 	 -1.4136
0.0000 	 0.0000 	 0.0000 	 0 	 0 	 -3.4492 	 3.9868 	 0.2260 	 0.1867 	 0.3214 	 -1.4086
0.0000 	 0.0000 	 0.0000 	 0 	 0 	 -3.4597 	 4.0200 	 -0.2547 	 0.1869 	 0.3215 	 -1.4039
0.0000 	 0.0000 	 0.0000 	 0 	 0 	 -3.4895 	 4.0041 	 -0.3758 	 0.1870 	 0.3218 	 -1.4031
0.0000 	 0.0000 	 0.0000 	 0 	 0 	 -3.4558 	 3.9868 	 -0.0958 	 0.1876 	 0.3211 	 -1.4059
0.0000 	 0.0000 	 0.0000 	 0 	 0 	 -3.4765 	 4.0030 	 0.2640 	 0.1878 	 0.3209 	 -1.4094
0.0000 	 0.0000 	 0.0000 	 0 	 0 	 -3.4711 	 4.0348 	 0.5021 	 0.1880 	 0.3210 	 -1.4122
0.0000 	 0.0000 	 0.0000 	 0 	 0 	 -3.4689 	 4.0340 	 0.7047 	 0.1885 	 0.3213 	 -1.4134
0.0000 	 0.0000 	 0.0000 	 0 	 0 	 -3.4584 	 4.0012 	 1.1435 	 0.1886 	 0.3201 	 -1.4178
0.0000 	 0.0000 	 0.0000 	 0 	 0 	 -3.4192 	 4.0165 	 1.6644 	 0.1880 	 0.3196 	 -1.4220
0.0000 	 0.0000 	 0.0000 	 0 	 0 	 -3.4112 	 4.0477 	 2.0635 	 0.1887 	 0.3190 	 -1.4261
0.0000 	 0.0000 	 0.0000 	 0 	 0 	 -3.4086 	 4.0156 	 2.1847 	 0.1888 	 0.3187 	 -1.4269
0.0000 	 0.0000 	 0.0000 	 0 	 0 	 -3.3856 	 4.0323 	 1.9873 	 0.1879 	 0.3185 	 -1.4240
0.0000 	 0.0000 	 0.0000 	 0 	 0 	 -3.3936 	 4.0326 	 1.6281 	 0.1881 	 0.3184 	 -1.4207
0.0000 	 0.0000 	 0.0000 	 0 	 0 	 -3.4014 	 4.0334 	 1.2271 	 0.1881 	 0.3180 	 -1.4171
0.0000 	 0.0000 	 0.0000 	 0 	 0 	 -3.3766 	 4.0492 	 1.1502 	 0.1879 	 0.3184 	 -1.4154
0.0000 	 0.0000 	 0.0000 	 0 	 0 	 -3.4059 	 4.0340 	 1.1112 	 0.1881 	 0.3178 	 -1.4144
0.0000 	 0.0000 	 0.0000 	 0 	 0 	 -3.3797 	 4.0492 	 1.0303 	 0.1888 	 0.3175 	 -1.4143
0.0000 	 0.0000 	 0.0000 	 0 	 0 	 -3.4174 	 4.0346 	 0.5089 	 0.1877 	 0.3181 	 -1.4098
0.0000 	 0.0000 	 0.0000 	 0 	 0 	 -3.4606 	 4.0207 	 -0.2520 	 0.1869 	 0.3193 	 -1.4029
0.0000 	 0.0000 	 0.0000 	 0 	 0 	 -3.4317 	 4.0041 	 -0.2531 	 0.1870 	 0.3191 	 -1.4031
0.0000 	 0.0000 	 0.0000 	 0 	 0 	 -3.4246 	 4.0352 	 0.0229 	 0.1873 	 0.3194 	 -1.4071
0.0000 	 0.0000 	 0.0000 	 0 	 0 	 -3.4467 	 4.0189 	 0.3021 	 0.1876 	 0.3191 	 -1.4100
0.0000 	 0.0000 	 0.0000 	 0 	 0 	 -3.4413 	 4.0507 	 0.5404 	 0.1881 	 0.3192 	 -1.4128
0.0000 	 0.0000 	 0.0000 	 0 	 0 	 -3.4670 	 4.0659 	 0.6581 	 0.1887 	 0.3205 	 -1.4148
0.0000 	 0.0000 	 0.0000 	 0 	 0 	 -3.4644 	 4.0338 	 0.7790 	 0.1885 	 0.3205 	 -1.4156
0.0000 	 0.0000 	 0.0000 	 0 	 0 	 -3.4646 	 4.0653 	 0.8189 	 0.1896 	 0.3201 	 -1.4163
0.0000 	 0.0000 	 0.0000 	 0 	 0 	 -3.4567 	 4.0651 	 1.1371 	 0.1887 	 0.3203 	 -1.4199
0.0000 	 0.0000 	 0.0000 	 0 	 0 	 -3.4704 	 4.0804 	 1.8160 	 0.1890 	 0.3215 	 -1.4267
0.0000 	 0.0000 	 0.0000 	 0 	 0 	 -3.4353 	 4.0633 	 2.1365 	 0.1891 	 0.3204 	 -1.4295
0.0000 	 0.0000 	 0.0000 	 0 	 0 	 -3.4456 	 4.0648 	 1.6162 	 0.1881 	 0.3210 	 -1.4247
0.0000 	 0.0000 	 0.0000 	 0 	 0 	 -3.4234 	 4.0485 	 1.3798 	 0.1880 	 0.3209 	 -1.4212
0.0000 	 0.0000 	 0.0000 	 0 	 0 	 -3.4262 	 4.0493 	 1.1772 	 0.1875 	 0.3209 	 -1.4200
0.0000 	 0.0000 	 0.0000 	 0 	 0 	 -3.4015 	 4.0331 	 1.0605 	 0.1871 	 0.3205 	 -1.4183
0.0000 	 0.0000 	 0.0000 	 0 	 0 	 -3.4025 	 4.0010 	 0.9801 	 0.1869 	 0.3216 	 -1.4176
0.0000 	 0.0000 	 0.0000 	 0 	 0 	 -3.3759 	 4.0166 	 0.8994 	 0.1872 	 0.3221 	 -1.4172
0.0000 	 0.0000 	 0.0000 	 0 	 0 	 -3.4182 	 3.9703 	 0.2633 	 0.1859 	 0.3228 	 -1.4099
0.0000 	 0.0000 	 0.0000 	 0 	 0 	 -3.4565 	 3.9876 	 -0.1331 	 0.1863 	 0.3227 	 -1.4047
0.0000 	 0.0000 	 0.0000 	 0 	 0 	 -3.4604 	 3.9557 	 -0.3332 	 0.1860 	 0.3233 	 -1.4031
0.0000 	 0.0000 	 0.0000 	 0 	 0 	 -3.4301 	 4.0032 	 -0.2133 	 0.1861 	 0.3230 	 -1.4045
0.0000 	 0.0000 	 0.0000 	 0 	 0 	 -3.4472 	 3.9868 	 0.2226 	 0.1863 	 0.3222 	 -1.4095
0.0000 	 0.0000 	 0.0000 	 0 	 0 	 -3.4388 	 4.0177 	 0.7460 	 0.1873 	 0.3242 	 -1.4135
0.0000 	 0.0000 	 0.0000 	 0 	 0 	 -3.4377 	 4.0502 	 0.8271 	 0.1868 	 0.3242 	 -1.4142
0.0000 	 0.0000 	 0.0000 	 0 	 0 	 -3.4088 	 4.0332 	 0.8671 	 0.1871 	 0.3239 	 -1.4143
0.0000 	 0.0000 	 0.0000 	 0 	 0 	 -3.4537 	 4.0014 	 1.3875 	 0.1872 	 0.3226 	 -1.4187
0.0000 	 0.0000 	 0.0000 	 0 	 0 	 -3.4158 	 4.0166 	 1.8261 	 0.1871 	 0.3211 	 -1.4234
0.0000 	 0.0000 	 0.0000 	 0 	 0 	 -3.4368 	 4.0009 	 2.0634 	 0.1864 	 0.3203 	 -1.4263
0.0000 	 0.0000 	 0.0000 	 0 	 0 	 -3.4385 	 4.0015 	 2.0255 	 0.1864 	 0.3193 	 -1.4248
0.0000 	 0.0000 	 0.0000 	 0 	 0 	 -3.4192 	 4.0498 	 1.7080 	 0.1867 	 0.3203 	 -1.4214
0.0000 	 0.0000 	 0.0000 	 0 	 0 	 -3.3970 	 4.0658 	 1.5114 	 0.1870 	 0.3207 	 -1.4186
0.0000 	 0.0000 	 0.0000 	 0 	 0 	 -3.3733 	 4.0496 	 1.2293 	 0.1868 	 0.3201 	 -1.4164
0.0000 	 0.0000 	 0.0000 	 0 	 0 	 -3.4050 	 4.0344 	 1.0706 	 0.1865 	 0.3194 	 -1.4143
0.0000 	 0.0000 	 0.0000 	 0 	 0 	 -3.4155 	 4.0027 	 0.6761 	 0.1862 	 0.3214 	 -1.4093
0.0000 	 0.0000 	 0.0000 	 0 	 0 	 -3.4547 	 4.0207 	 0.1568 	 0.1856 	 0.3219 	 -1.4038
0.0000 	 0.0000 	 0.0000 	 0 	 0 	 -3.4930 	 4.0055 	 -0.3238 	 0.1854 	 0.3226 	 -1.3996
0.0000 	 0.0000 	 0.0000 	 0 	 0 	 -3.5245 	 4.0539 	 -0.3200 	 0.1864 	 0.3239 	 -1.3984
0.0000 	 0.0000 	 0.0000 	 0 	 0 	 -3.4916 	 4.0373 	 -0.1185 	 0.1857 	 0.3238 	 -1.3997
0.0000 	 0.0000 	 0.0000 	 0 	 0 	 -3.4563 	 4.0527 	 0.2421 	 0.1861 	 0.3237 	 -1.4032
0.0000 	 0.0000 	 0.0000 	 0 	 0 	 -3.4782 	 4.0357 	 0.5625 	 0.1864 	 0.3241 	 -1.4060
0.0000 	 0.0000 	 0.0000 	 0 	 0 	 -3.4482 	 4.0513 	 0.6836 	 0.1868 	 0.3239 	 -1.4068
0.0000 	 0.0000 	 0.0000 	 0 	 0 	 -3.4180 	 4.0353 	 0.7653 	 0.1860 	 0.3238 	 -1.4072
0.0000 	 0.0000 	 0.0000 	 0 	 0 	 -3.4460 	 4.0518 	 0.8477 	 0.1859 	 0.3234 	 -1.4068
0.0000 	 0.0000 	 0.0000 	 0 	 0 	 -3.4380 	 4.0515 	 1.2072 	 0.1859 	 0.3230 	 -1.4102
0.0000 	 0.0000 	 0.0000 	 0 	 0 	 -3.4462 	 4.0349 	 2.1699 	 0.1855 	 0.3217 	 -1.4181
0.0000 	 0.0000 	 0.0000 	 0 	 0 	 -3.4768 	 4.0523 	 2.0920 	 0.1850 	 0.3215 	 -1.4162
0.0000 	 0.0000 	 0.0000 	 0 	 0 	 -3.4569 	 4.0690 	 1.6931 	 0.1841 	 0.3221 	 -1.4124
0.0000 	 0.0000 	 0.0000 	 0 	 0 	 -3.4649 	 4.0699 	 1.3336 	 0.1840 	 0.3220 	 -1.4085
0.0000 	 0.0000 	 0.0000 	 0 	 0 	 -3.4417 	 4.0529 	 1.1759 	 0.1846 	 0.3225 	 -1.4068
0.0000 	 0.0000 	 0.0000 	 0 	 0 	 -3.4443 	 4.0855 	 1.0548 	 0.1850 	 0.3226 	 -1.4060
0.0000 	 0.0000 	 0.0000 	 0 	 0 	 -3.4742 	 4.0695 	 0.9752 	 0.1847 	 0.3236 	 -1.4049
0.0000 	 0.0000 	 0.0000 	 0 	 0 	 -3.4492 	 4.0857 	 0.8571 	 0.1850 	 0.3234 	 -1.4033
0.0000 	 0.0000 	 0.0000 	 0 	 0 	 -3.5191 	 4.0550 	 0.3003 	 0.1852 	 0.3235 	 -1.3971
0.0000 	 0.0000 	 0.0000 	 0 	 0 	 -3.5282 	 4.0566 	 -0.1375 	 0.1840 	 0.3247 	 -1.3922
0.0000 	 0.0000 	 0.0000 	 0 	 0 	 -3.5337 	 4.0244 	 -0.3343 	 0.1838 	 0.3253 	 -1.3894
0.0000 	 0.0000 	 0.0000 	 0 	 0 	 -3.5217 	 4.0556 	 0.3893 	 0.1852 	 0.3227 	 -1.3944
0.0000 	 0.0000 	 0.0000 	 0 	 0 	 -3.5173 	 4.0556 	 0.6326 	 0.1848 	 0.3238 	 -1.3958
0.0000 	 0.0000 	 0.0000 	 0 	 0 	 -3.4864 	 4.0399 	 0.7131 	 0.1840 	 0.3219 	 -1.3960
0.0000 	 0.0000 	 0.0000 	 0 	 0 	 -3.4866 	 4.0397 	 0.7546 	 0.1840 	 0.3226 	 -1.3959
0.0000 	 0.0000 	 0.0000 	 0 	 0 	 -3.5150 	 4.0241 	 0.8380 	 0.1843 	 0.3207 	 -1.3951
0.0000 	 0.0000 	 0.0000 	 0 	 0 	 -3.5261 	 4.0402 	 1.5987 	 0.1834 	 0.3215 	 -1.4022
0.0000 	 0.0000 	 0.0000 	 0 	 0 	 -3.5182 	 4.0072 	 1.9593 	 0.1830 	 0.3211 	 -1.4051
0.0000 	 0.0000 	 0.0000 	 0 	 0 	 -3.5437 	 4.0559 	 2.1603 	 0.1834 	 0.3205 	 -1.4066
0.0000 	 0.0000 	 0.0000 	 0 	 0 	 -3.5213 	 4.0727 	 1.8808 	 0.1828 	 0.3210 	 -1.4038
0.0000 	 0.0000 	 0.0000 	 0 	 0 	 -3.5008 	 4.0890 	 1.6051 	 0.1828 	 0.3199 	 -1.3995
0.0000 	 0.0000 	 0.0000 	 0 	 0 	 -3.4800 	 4.0727 	 1.3274 	 0.1833 	 0.3205 	 -1.3965
0.0000 	 0.0000 	 0.0000 	 0 	 0 	 -3.4598 	 4.0247 	 1.0542 	 0.1832 	 0.3197 	 -1.3917
0.0000 	 0.0000 	 0.0000 	 0 	 0 	 -3.4325 	 4.0089 	 1.0162 	 0.1824 	 0.3197 	 -1.3909
0.0000 	 0.0000 	 0.0000 	 0 	 0 	 -3.4397 	 4.0410 	 0.8197 	 0.1832 	 0.3194 	 -1.3874
0.0000 	 0.0000 	 0.0000 	 0 	 0 	 -3.4529 	 4.0112 	 0.2260 	 0.1813 	 0.3197 	 -1.3797
0.0000 	 0.0000 	 0.0000 	 0 	 0 	 -3.4926 	 4.0281 	 -0.1696 	 0.1821 	 0.3205 	 -1.3747
0.0000 	 0.0000 	 0.0000 	 0 	 0 	 -3.5230 	 4.0456 	 -0.2893 	 0.1815 	 0.3198 	 -1.3728
0.0000 	 0.0000 	 0.0000 	 0 	 0 	 -3.4905 	 3.9966 	 -0.0456 	 0.1815 	 0.3196 	 -1.3743
0.0000 	 0.0000 	 0.0000 	 0 	 0 	 -3.4555 	 4.0120 	 0.2732 	 0.1813 	 0.3182 	 -1.3776
0.0000 	 0.0000 	 0.0000 	 0 	 0 	 -3.4498 	 4.0435 	 0.5528 	 0.1816 	 0.3191 	 -1.3804
0.0000 	 0.0000 	 0.0000 	 0 	 0 	 -3.4462 	 4.0435 	 0.7546 	 0.1819 	 0.3182 	 -1.3813
0.0000 	 0.0000 	 0.0000 	 0 	 0 	 -3.4177 	 4.0264 	 0.8362 	 0.1824 	 0.3181 	 -1.3820
0.0000 	 0.0000 	 0.0000 	 0 	 0 	 -3.4869 	 4.0429 	 1.4718 	 0.1827 	 0.3169 	 -1.3888
0.0000 	 0.0000 	 0.0000 	 0 	 0 	 -3.4790 	 4.0739 	 1.9125 	 0.1834 	 0.3171 	 -1.3926
0.0000 	 0.0000 	 0.0000 	 0 	 0 	 -3.4740 	 4.0733 	 2.1517 	 0.1837 	 0.3172 	 -1.3952
0.0000 	 0.0000 	 0.0000 	 0 	 0 	 -3.4753 	 4.0420 	 2.0329 	 0.1827 	 0.3161 	 -1.3934
0.0000 	 0.0000 	 0.0000 	 0 	 0 	 -3.4546 	 4.0582 	 1.6712 	 0.1825 	 0.3158 	 -1.3906
0.0000 	 0.0000 	 0.0000 	 0 	 0 	 -3.4343 	 4.0750 	 1.3954 	 0.1826 	 0.3150 	 -1.3868
0.0000 	 0.0000 	 0.0000 	 0 	 0 	 -3.4095 	 4.0594 	 1.1956 	 0.1818 	 0.3145 	 -1.3848
0.0000 	 0.0000 	 0.0000 	 0 	 0 	 -3.4149 	 4.0588 	 1.0805 	 0.1827 	 0.3160 	 -1.3821
0.0000 	 0.0000 	 0.0000 	 0 	 0 	 -3.4174 	 4.0591 	 1.0020 	 0.1827 	 0.3165 	 -1.3812
0.0000 	 0.0000 	 0.0000 	 0 	 0 	 -3.3912 	 4.0753 	 0.9247 	 0.1818 	 0.3163 	 -1.3793
0.0000 	 0.0000 	 0.0000 	 0 	 0 	 -3.4335 	 4.0607 	 0.3279 	 0.1819 	 0.3167 	 -1.3727
0.0000 	 0.0000 	 0.0000 	 0 	 0 	 -3.4761 	 4.0475 	 -0.2650 	 0.1804 	 0.3172 	 -1.3646
0.0000 	 0.0000 	 0.0000 	 0 	 0 	 -3.4692 	 4.0466 	 0.0120 	 0.1808 	 0.3167 	 -1.3680
0.0000 	 0.0000 	 0.0000 	 0 	 0 	 -3.4340 	 4.0293 	 0.3740 	 0.1807 	 0.3161 	 -1.3708
0.0000 	 0.0000 	 0.0000 	 0 	 0 	 -3.4305 	 4.0294 	 0.6168 	 0.1808 	 0.3160 	 -1.3722
0.0000 	 0.0000 	 0.0000 	 0 	 0 	 -3.4295 	 4.0611 	 0.7386 	 0.1819 	 0.3148 	 -1.3724
0.0000 	 0.0000 	 0.0000 	 0 	 0 	 -3.4269 	 4.0291 	 0.8186 	 0.1808 	 0.3154 	 -1.3734
0.0000 	 0.0000 	 0.0000 	 0 	 0 	 -3.3996 	 4.0447 	 0.8611 	 0.1816 	 0.3146 	 -1.3728
0.0000 	 0.0000 	 0.0000 	 0 	 0 	 -3.3894 	 4.0437 	 1.3396 	 0.1823 	 0.3132 	 -1.3779
0.0000 	 0.0000 	 0.0000 	 0 	 0 	 -3.4340 	 4.0443 	 1.8588 	 0.1820 	 0.3130 	 -1.3827
0.0000 	 0.0000 	 0.0000 	 0 	 0 	 -3.4274 	 4.0443 	 2.1805 	 0.1813 	 0.3133 	 -1.3848
0.0000 	 0.0000 	 0.0000 	 0 	 0 	 -3.4299 	 4.0444 	 2.0192 	 0.1811 	 0.3128 	 -1.3836
0.0000 	 0.0000 	 0.0000 	 0 	 0 	 -3.4459 	 4.0141 	 1.2609 	 0.1803 	 0.3133 	 -1.3760
0.0000 	 0.0000 	 0.0000 	 0 	 0 	 -3.4209 	 4.0622 	 1.1411 	 0.1806 	 0.3134 	 -1.3750
0.0000 	 0.0000 	 0.0000 	 0 	 0 	 -3.4237 	 4.0304 	 0.9813 	 0.1804 	 0.3125 	 -1.3732
0.0000 	 0.0000 	 0.0000 	 0 	 0 	 -3.4253 	 4.0310 	 0.9440 	 0.1795 	 0.3131 	 -1.3722
0.0000 	 0.0000 	 0.0000 	 0 	 0 	 -3.4332 	 4.0308 	 0.6672 	 0.1803 	 0.3136 	 -1.3686
0.0000 	 0.0000 	 0.0000 	 0 	 0 	 -3.4751 	 4.0168 	 0.0299 	 0.1792 	 0.3143 	 -1.3617
0.0000 	 0.0000 	 0.0000 	 0 	 0 	 -3.5126 	 4.0015 	 -0.2860 	 0.1798 	 0.3142 	 -1.3570
0.0000 	 0.0000 	 0.0000 	 0 	 0 	 -3.5126 	 4.0015 	 -0.2860 	 0.1798 	 0.3142 	 -1.3570
0.0000 	 0.0000 	 0.0000 	 0 	 0 	 -3.5080 	 4.0326 	 -0.0885 	 0.1800 	 0.3159 	 -1.3598
0.0000 	 0.0000 	 0.0000 	 0 	 0 	 -3.4993 	 4.0005 	 0.3124 	 0.1801 	 0.3140 	 -1.3633
0.0000 	 0.0000 	 0.0000 	 0 	 0 	 -3.4664 	 4.0158 	 0.5533 	 0.1800 	 0.3139 	 -1.3653
0.0000 	 0.0000 	 0.0000 	 0 	 0 	 -3.4611 	 4.0152 	 0.7930 	 0.1800 	 0.3136 	 -1.3675
0.0000 	 0.0000 	 0.0000 	 0 	 0 	 -3.4574 	 4.0156 	 0.9950 	 0.1796 	 0.3141 	 -1.3689
0.0000 	 0.0000 	 0.0000 	 0 	 0 	 -3.4714 	 4.0300 	 1.7148 	 0.1803 	 0.3151 	 -1.3755
0.0000 	 0.0000 	 0.0000 	 0 	 0 	 -3.4924 	 4.0141 	 2.0762 	 0.1802 	 0.3152 	 -1.3783
0.0000 	 0.0000 	 0.0000 	 0 	 0 	 -3.4912 	 4.0144 	 2.1170 	 0.1795 	 0.3145 	 -1.3783
0.0000 	 0.0000 	 0.0000 	 0 	 0 	 -3.4953 	 4.0150 	 1.9596 	 0.1795 	 0.3141 	 -1.3761
0.0000 	 0.0000 	 0.0000 	 0 	 0 	 -3.4759 	 4.0000 	 1.5206 	 0.1787 	 0.3135 	 -1.3717
0.0000 	 0.0000 	 0.0000 	 0 	 0 	 -3.4811 	 4.0002 	 1.3223 	 0.1789 	 0.3143 	 -1.3690
0.0000 	 0.0000 	 0.0000 	 0 	 0 	 -3.4578 	 4.0156 	 1.1635 	 0.1796 	 0.3146 	 -1.3677
0.0000 	 0.0000 	 0.0000 	 0 	 0 	 -3.4603 	 3.9834 	 1.0452 	 0.1794 	 0.3149 	 -1.3661
0.0000 	 0.0000 	 0.0000 	 0 	 0 	 -3.4619 	 4.0166 	 0.9648 	 0.1787 	 0.3143 	 -1.3650
0.0000 	 0.0000 	 0.0000 	 0 	 0 	 -3.5159 	 4.0031 	 -0.1484 	 0.1780 	 0.3157 	 -1.3523
0.0000 	 0.0000 	 0.0000 	 0 	 0 	 -3.5490 	 3.9875 	 -0.3067 	 0.1786 	 0.3161 	 -1.3500
0.0000 	 0.0000 	 0.0000 	 0 	 0 	 -3.5465 	 3.9549 	 -0.1857 	 0.1790 	 0.3152 	 -1.3509
0.0000 	 0.0000 	 0.0000 	 0 	 0 	 -3.5372 	 3.9541 	 0.1699 	 0.1791 	 0.3150 	 -1.3557
0.0000 	 0.0000 	 0.0000 	 0 	 0 	 -3.5041 	 4.0015 	 0.4506 	 0.1792 	 0.3154 	 -1.3584
0.0000 	 0.0000 	 0.0000 	 0 	 0 	 -3.4717 	 4.0168 	 0.6915 	 0.1796 	 0.3148 	 -1.3604
0.0000 	 0.0000 	 0.0000 	 0 	 0 	 -3.4987 	 4.0332 	 0.6887 	 0.1794 	 0.3150 	 -1.3612
0.0000 	 0.0000 	 0.0000 	 0 	 0 	 -3.4961 	 4.0006 	 0.8098 	 0.1792 	 0.3152 	 -1.3620
0.0000 	 0.0000 	 0.0000 	 0 	 0 	 -3.5226 	 4.0170 	 0.9304 	 0.1796 	 0.3154 	 -1.3628
0.0000 	 0.0000 	 0.0000 	 0 	 0 	 -3.5382 	 4.0326 	 1.5299 	 0.1798 	 0.3150 	 -1.3684
0.0000 	 0.0000 	 0.0000 	 0 	 0 	 -3.5576 	 4.0480 	 1.9277 	 0.1807 	 0.3149 	 -1.3726
0.0000 	 0.0000 	 0.0000 	 0 	 0 	 -3.5291 	 4.0320 	 2.0540 	 0.1799 	 0.3156 	 -1.3720
0.0000 	 0.0000 	 0.0000 	 0 	 0 	 -3.5081 	 4.0479 	 1.6928 	 0.1797 	 0.3155 	 -1.3692
0.0000 	 0.0000 	 0.0000 	 0 	 0 	 -3.5146 	 4.0493 	 1.3741 	 0.1790 	 0.3153 	 -1.3656
0.0000 	 0.0000 	 0.0000 	 0 	 0 	 -3.4916 	 4.0004 	 1.1765 	 0.1793 	 0.3149 	 -1.3629
0.0000 	 0.0000 	 0.0000 	 0 	 0 	 -3.4928 	 4.0011 	 1.0973 	 0.1788 	 0.3145 	 -1.3620
0.0000 	 0.0000 	 0.0000 	 0 	 0 	 -3.4680 	 4.0172 	 1.0205 	 0.1787 	 0.3151 	 -1.3601
0.0000 	 0.0000 	 0.0000 	 0 	 0 	 -3.4695 	 3.9855 	 0.9429 	 0.1780 	 0.3148 	 -1.3587
0.0000 	 0.0000 	 0.0000 	 0 	 0 	 -3.4876 	 3.9865 	 0.2691 	 0.1786 	 0.3147 	 -1.3503
0.0000 	 0.0000 	 0.0000 	 0 	 0 	 -3.5532 	 3.9884 	 -0.0868 	 0.1786 	 0.3153 	 -1.3454
0.0000 	 0.0000 	 0.0000 	 0 	 0 	 -3.5584 	 3.9884 	 -0.2848 	 0.1786 	 0.3164 	 -1.3427
0.0000 	 0.0000 	 0.0000 	 0 	 0 	 -3.5558 	 3.9560 	 -0.1636 	 0.1784 	 0.3161 	 -1.3438
0.0000 	 0.0000 	 0.0000 	 0 	 0 	 -3.5111 	 4.0021 	 0.6753 	 0.1792 	 0.3169 	 -1.3522
0.0000 	 0.0000 	 0.0000 	 0 	 0 	 -3.5091 	 4.0014 	 0.7130 	 0.1792 	 0.3177 	 -1.3532
0.0000 	 0.0000 	 0.0000 	 0 	 0 	 -3.5356 	 4.0178 	 0.8338 	 0.1796 	 0.3176 	 -1.3540
0.0000 	 0.0000 	 0.0000 	 0 	 0 	 -3.5618 	 4.0026 	 0.8731 	 0.1788 	 0.3174 	 -1.3546
0.0000 	 0.0000 	 0.0000 	 0 	 0 	 -3.5221 	 4.0172 	 1.3911 	 0.1787 	 0.3179 	 -1.3602
0.0000 	 0.0000 	 0.0000 	 0 	 0 	 -3.5689 	 4.0169 	 1.8291 	 0.1795 	 0.3185 	 -1.3651
0.0000 	 0.0000 	 0.0000 	 0 	 0 	 -3.5604 	 3.9844 	 2.1899 	 0.1787 	 0.3195 	 -1.3680
0.0000 	 0.0000 	 0.0000 	 0 	 0 	 -3.5636 	 3.9839 	 2.1115 	 0.1796 	 0.3189 	 -1.3671
0.0000 	 0.0000 	 0.0000 	 0 	 0 	 -3.5712 	 4.0167 	 1.7506 	 0.1795 	 0.3193 	 -1.3638
0.0000 	 0.0000 	 0.0000 	 0 	 0 	 -3.5792 	 4.0169 	 1.4744 	 0.1795 	 0.3207 	 -1.3602
0.0000 	 0.0000 	 0.0000 	 0 	 0 	 -3.5840 	 4.0177 	 1.1938 	 0.1788 	 0.3212 	 -1.3575
0.0000 	 0.0000 	 0.0000 	 0 	 0 	 -3.5597 	 4.0020 	 1.0354 	 0.1789 	 0.3206 	 -1.3555
0.0000 	 0.0000 	 0.0000 	 0 	 0 	 -3.5947 	 3.9866 	 0.7163 	 0.1785 	 0.3215 	 -1.3525
0.0000 	 0.0000 	 0.0000 	 0 	 0 	 -3.6093 	 3.9882 	 0.0804 	 0.1777 	 0.3224 	 -1.3450
0.0000 	 0.0000 	 0.0000 	 0 	 0 	 -3.6175 	 3.9884 	 -0.2380 	 0.1786 	 0.3219 	 -1.3414
0.0000 	 0.0000 	 0.0000 	 0 	 0 	 -3.6179 	 3.9560 	 -0.2363 	 0.1784 	 0.3219 	 -1.3412
0.0000 	 0.0000 	 0.0000 	 0 	 0 	 -3.6134 	 3.9875 	 -0.0390 	 0.1793 	 0.3222 	 -1.3441
0.0000 	 0.0000 	 0.0000 	 0 	 0 	 -3.6056 	 3.9867 	 0.3617 	 0.1794 	 0.3231 	 -1.3477
0.0000 	 0.0000 	 0.0000 	 0 	 0 	 -3.6000 	 3.9860 	 0.6009 	 0.1794 	 0.3227 	 -1.3498
0.0000 	 0.0000 	 0.0000 	 0 	 0 	 -3.6246 	 3.9699 	 0.7611 	 0.1793 	 0.3239 	 -1.3517
0.0000 	 0.0000 	 0.0000 	 0 	 0 	 -3.6519 	 3.9862 	 0.8411 	 0.1792 	 0.3253 	 -1.3525
0.0000 	 0.0000 	 0.0000 	 0 	 0 	 -3.6780 	 3.9708 	 0.9220 	 0.1784 	 0.3258 	 -1.3526
0.0000 	 0.0000 	 0.0000 	 0 	 0 	 -3.6810 	 3.9850 	 2.0383 	 0.1787 	 0.3263 	 -1.3645
0.0000 	 0.0000 	 0.0000 	 0 	 0 	 -3.6785 	 4.0172 	 2.1567 	 0.1790 	 0.3265 	 -1.3661
0.0000 	 0.0000 	 0.0000 	 0 	 0 	 -3.6522 	 4.0004 	 2.0779 	 0.1791 	 0.3268 	 -1.3653
0.0000 	 0.0000 	 0.0000 	 0 	 0 	 -3.6327 	 3.9854 	 1.6389 	 0.1780 	 0.3267 	 -1.3606
0.0000 	 0.0000 	 0.0000 	 0 	 0 	 -3.6104 	 4.0015 	 1.4008 	 0.1783 	 0.3263 	 -1.3578
0.0000 	 0.0000 	 0.0000 	 0 	 0 	 -3.6143 	 3.9692 	 1.2006 	 0.1780 	 0.3275 	 -1.3562
0.0000 	 0.0000 	 0.0000 	 0 	 0 	 -3.5887 	 3.9853 	 1.1638 	 0.1781 	 0.3263 	 -1.3549
0.0000 	 0.0000 	 0.0000 	 0 	 0 	 -3.5911 	 3.9855 	 1.0441 	 0.1781 	 0.3263 	 -1.3534
0.0000 	 0.0000 	 0.0000 	 0 	 0 	 -3.5966 	 3.9862 	 0.8049 	 0.1781 	 0.3267 	 -1.3512
0.0000 	 0.0000 	 0.0000 	 0 	 0 	 -3.6372 	 3.9392 	 0.1644 	 0.1774 	 0.3264 	 -1.3449
0.0000 	 0.0000 	 0.0000 	 0 	 0 	 -3.6766 	 3.9564 	 -0.2720 	 0.1775 	 0.3273 	 -1.3399
0.0000 	 0.0000 	 0.0000 	 0 	 0 	 -3.6634 	 3.9873 	 0.3668 	 0.1780 	 0.3278 	 -1.3464
0.0000 	 0.0000 	 0.0000 	 0 	 0 	 -3.7153 	 3.9875 	 0.5648 	 0.1788 	 0.3287 	 -1.3485
0.0000 	 0.0000 	 0.0000 	 0 	 0 	 -3.6837 	 4.0025 	 0.7653 	 0.1789 	 0.3300 	 -1.3508
0.0000 	 0.0000 	 0.0000 	 0 	 0 	 -3.6811 	 4.0025 	 0.8435 	 0.1787 	 0.3289 	 -1.3520
0.0000 	 0.0000 	 0.0000 	 0 	 0 	 -3.7098 	 3.9852 	 0.9255 	 0.1802 	 0.3306 	 -1.3521
0.0000 	 0.0000 	 0.0000 	 0 	 0 	 -3.7040 	 3.9856 	 1.0824 	 0.1793 	 0.3302 	 -1.3548
0.0000 	 0.0000 	 0.0000 	 0 	 0 	 -3.7200 	 3.9690 	 1.6836 	 0.1793 	 0.3301 	 -1.3598
0.0000 	 0.0000 	 0.0000 	 0 	 0 	 -3.7111 	 3.9683 	 2.1244 	 0.1796 	 0.3292 	 -1.3634
0.0000 	 0.0000 	 0.0000 	 0 	 0 	 -3.6811 	 3.9841 	 2.2458 	 0.1797 	 0.3289 	 -1.3642
0.0000 	 0.0000 	 0.0000 	 0 	 0 	 -3.6617 	 4.0005 	 1.8879 	 0.1795 	 0.3289 	 -1.3604
0.0000 	 0.0000 	 0.0000 	 0 	 0 	 -3.6406 	 3.9844 	 1.5694 	 0.1793 	 0.3296 	 -1.3570
0.0000 	 0.0000 	 0.0000 	 0 	 0 	 -3.6515 	 3.9528 	 1.0912 	 0.1799 	 0.3289 	 -1.3520
0.0000 	 0.0000 	 0.0000 	 0 	 0 	 -3.5968 	 3.9526 	 1.0543 	 0.1790 	 0.3290 	 -1.3506
0.0000 	 0.0000 	 0.0000 	 0 	 0 	 -3.5983 	 3.9850 	 0.9734 	 0.1794 	 0.3274 	 -1.3500
0.0000 	 0.0000 	 0.0000 	 0 	 0 	 -3.6407 	 3.9705 	 0.4187 	 0.1790 	 0.3284 	 -1.3429
0.0000 	 0.0000 	 0.0000 	 0 	 0 	 -3.6498 	 3.9714 	 0.0218 	 0.1785 	 0.3292 	 -1.3380
0.0000 	 0.0000 	 0.0000 	 0 	 0 	 -3.6842 	 3.9887 	 -0.2167 	 0.1786 	 0.3295 	 -1.3352
0.0000 	 0.0000 	 0.0000 	 0 	 0 	 -3.6822 	 3.9880 	 -0.1787 	 0.1786 	 0.3303 	 -1.3366
0.0000 	 0.0000 	 0.0000 	 0 	 0 	 -3.6745 	 3.9871 	 0.2213 	 0.1794 	 0.3297 	 -1.3403
0.0000 	 0.0000 	 0.0000 	 0 	 0 	 -3.6689 	 3.9538 	 0.4179 	 0.1798 	 0.3300 	 -1.3435
0.0000 	 0.0000 	 0.0000 	 0 	 0 	 -3.6923 	 4.0019 	 0.6985 	 0.1800 	 0.3308 	 -1.3459
0.0000 	 0.0000 	 0.0000 	 0 	 0 	 -3.6905 	 4.0014 	 0.7779 	 0.1800 	 0.3323 	 -1.3471
0.0000 	 0.0000 	 0.0000 	 0 	 0 	 -3.6778 	 3.9679 	 1.4191 	 0.1805 	 0.3315 	 -1.3528
0.0000 	 0.0000 	 0.0000 	 0 	 0 	 -3.6970 	 3.9835 	 1.8168 	 0.1810 	 0.3322 	 -1.3572
0.0000 	 0.0000 	 0.0000 	 0 	 0 	 -3.7167 	 4.0002 	 2.2179 	 0.1802 	 0.3321 	 -1.3601
0.0000 	 0.0000 	 0.0000 	 0 	 0 	 -3.6902 	 3.9839 	 2.0973 	 0.1801 	 0.3317 	 -1.3593
0.0000 	 0.0000 	 0.0000 	 0 	 0 	 -3.6698 	 3.9675 	 1.7784 	 0.1806 	 0.3315 	 -1.3564
0.0000 	 0.0000 	 0.0000 	 0 	 0 	 -3.6494 	 3.9522 	 1.4209 	 0.1797 	 0.3301 	 -1.3520
0.0000 	 0.0000 	 0.0000 	 0 	 0 	 -3.6261 	 3.9356 	 1.2217 	 0.1802 	 0.3296 	 -1.3500
0.0000 	 0.0000 	 0.0000 	 0 	 0 	 -3.6286 	 3.9364 	 1.0196 	 0.1795 	 0.3293 	 -1.3485
0.0000 	 0.0000 	 0.0000 	 0 	 0 	 -3.6026 	 3.9526 	 1.0243 	 0.1799 	 0.3291 	 -1.3472
0.0000 	 0.0000 	 0.0000 	 0 	 0 	 -3.6329 	 3.9364 	 0.9446 	 0.1804 	 0.3293 	 -1.3464
0.0000 	 0.0000 	 0.0000 	 0 	 0 	 -3.6463 	 3.9375 	 0.3871 	 0.1804 	 0.3303 	 -1.3400
0.0000 	 0.0000 	 0.0000 	 0 	 0 	 -3.6910 	 3.9548 	 -0.2890 	 0.1804 	 0.3316 	 -1.3324
0.0000 	 0.0000 	 0.0000 	 0 	 0 	 -3.6881 	 3.9549 	 -0.1690 	 0.1804 	 0.3315 	 -1.3338
0.0000 	 0.0000 	 0.0000 	 0 	 0 	 -3.6791 	 3.9547 	 0.2722 	 0.1796 	 0.3314 	 -1.3374
0.0000 	 0.0000 	 0.0000 	 0 	 0 	 -3.6753 	 3.9533 	 0.5121 	 0.1812 	 0.3316 	 -1.3396
0.0000 	 0.0000 	 0.0000 	 0 	 0 	 -3.6710 	 3.9532 	 0.7141 	 0.1803 	 0.3316 	 -1.3410
0.0000 	 0.0000 	 0.0000 	 0 	 0 	 -3.6686 	 3.9530 	 0.8338 	 0.1803 	 0.3318 	 -1.3423
0.0000 	 0.0000 	 0.0000 	 0 	 0 	 -3.6686 	 3.9529 	 0.8751 	 0.1810 	 0.3312 	 -1.3423
0.0000 	 0.0000 	 0.0000 	 0 	 0 	 -3.6374 	 3.9359 	 0.9938 	 0.1811 	 0.3310 	 -1.3436
0.0000 	 0.0000 	 0.0000 	 0 	 0 	 -3.6499 	 3.9513 	 1.7549 	 0.1811 	 0.3318 	 -1.3507
0.0000 	 0.0000 	 0.0000 	 0 	 0 	 -3.6394 	 3.9188 	 2.1942 	 0.1802 	 0.3320 	 -1.3551
0.0000 	 0.0000 	 0.0000 	 0 	 0 	 -3.6379 	 3.9516 	 2.1917 	 0.1798 	 0.3309 	 -1.3555
0.0000 	 0.0000 	 0.0000 	 0 	 0 	 -3.5981 	 3.9524 	 1.3910 	 0.1799 	 0.3293 	 -1.3481
0.0000 	 0.0000 	 0.0000 	 0 	 0 	 -3.5748 	 3.9356 	 1.1918 	 0.1804 	 0.3288 	 -1.3464
0.0000 	 0.0000 	 0.0000 	 0 	 0 	 -3.5748 	 3.9362 	 1.1085 	 0.1804 	 0.3270 	 -1.3464
0.0000 	 0.0000 	 0.0000 	 0 	 0 	 -3.5759 	 3.9679 	 1.0253 	 0.1806 	 0.3278 	 -1.3465
0.0000 	 0.0000 	 0.0000 	 0 	 0 	 -3.5497 	 3.9514 	 0.9461 	 0.1812 	 0.3273 	 -1.3458
0.0000 	 0.0000 	 0.0000 	 0 	 0 	 -3.5892 	 3.9689 	 0.4266 	 0.1803 	 0.3281 	 -1.3407
0.0000 	 0.0000 	 0.0000 	 0 	 0 	 -3.6566 	 3.9702 	 -0.0930 	 0.1803 	 0.3305 	 -1.3359
0.0000 	 0.0000 	 0.0000 	 0 	 0 	 -3.6895 	 3.9866 	 -0.2942 	 0.1810 	 0.3301 	 -1.3340
0.0000 	 0.0000 	 0.0000 	 0 	 0 	 -3.7143 	 3.9705 	 -0.1346 	 0.1810 	 0.3313 	 -1.3359
0.0000 	 0.0000 	 0.0000 	 0 	 0 	 -3.6771 	 3.9857 	 0.2227 	 0.1814 	 0.3306 	 -1.3400
